1 -4.161984e-01 
2 -5.684130e-01 
3 -7.106249e-01 
4 -8.449862e-01 
5 -9.728139e-01 
6 -1.095139e+00 
7 -1.213289e+00 
8 -1.327740e+00 
9 -1.439105e+00 
10 -1.548155e+00 
11 -1.654894e+00 
12 -1.759826e+00 
13 -1.863405e+00 
14 -1.965506e+00 
15 -2.066416e+00 
16 -2.166510e+00 
17 -2.265864e+00 
18 -2.364160e+00 
19 -2.461967e+00 
20 -2.559365e+00 
21 -2.656422e+00 
22 -2.752784e+00 
23 -2.848873e+00 
24 -2.944790e+00 
25 -3.040578e+00 
26 -3.136277e+00 
27 -3.231650e+00 
28 -3.326853e+00 
29 -3.422061e+00 
30 -3.517302e+00 
31 -3.612598e+00 
32 -3.707971e+00 
33 -3.803380e+00 
34 -3.898564e+00 
35 -3.993870e+00 
36 -4.089312e+00 
37 -4.184902e+00 
38 -4.280651e+00 
39 -4.376569e+00 
40 -4.472663e+00 
41 -4.568570e+00 
42 -4.664586e+00 
43 -4.760780e+00 
44 -4.857154e+00 
45 -4.953710e+00 
46 -5.050448e+00 
47 -5.147370e+00 
48 -5.243951e+00 
49 -5.340650e+00 
50 -5.437493e+00 
51 -5.534473e+00 
52 -5.631582e+00 
53 -5.728723e+00 
54 -5.825335e+00 
55 -5.922001e+00 
56 -6.018707e+00 
57 -6.115434e+00 
58 -6.211844e+00 
59 -6.307620e+00 
60 -6.403300e+00 
61 -6.498857e+00 
62 -6.593858e+00 
63 -6.687942e+00 
64 -6.781745e+00 
65 -6.859170e+00 
66 -6.915075e+00 
67 -6.971299e+00 
68 -7.027820e+00 
69 -7.084613e+00 
70 -7.141658e+00 
71 -7.198934e+00 
72 -7.256420e+00 
73 -7.314098e+00 
74 -7.371948e+00 
75 -7.429951e+00 
76 -7.488092e+00 
77 -7.546351e+00 
78 -7.604714e+00 
79 -7.663163e+00 
80 -7.721682e+00 
81 -7.780257e+00 
82 -7.838872e+00 
83 -7.897513e+00 
84 -7.956165e+00 
85 -8.014814e+00 
86 -8.073447e+00 
87 -8.132050e+00 
88 -8.190610e+00 
89 -8.249114e+00 
90 -8.307550e+00 
91 -8.365871e+00 
92 -8.423949e+00 
93 -8.481909e+00 
94 -8.539739e+00 
95 -8.597427e+00 
96 -8.654963e+00 
97 -8.712335e+00 
98 -8.769532e+00 
99 -8.826545e+00 
100 -8.883363e+00 
101 -8.917845e+00 
102 -8.948841e+00 
103 -8.979861e+00 
104 -9.010902e+00 
105 -9.041962e+00 
106 -9.073038e+00 
107 -9.104129e+00 
108 -9.135232e+00 
109 -9.166345e+00 
110 -9.197468e+00 
111 -9.228598e+00 
112 -9.259733e+00 
113 -9.290874e+00 
114 -9.322017e+00 
115 -9.353163e+00 
116 -9.384309e+00 
117 -9.415455e+00 
118 -9.446601e+00 
119 -9.477745e+00 
120 -9.508886e+00 
121 -9.540024e+00 
122 -9.571159e+00 
123 -9.602289e+00 
124 -9.633414e+00 
125 -9.664533e+00 
126 -9.695647e+00 
127 -9.726754e+00 
128 -9.757855e+00 
129 -9.788949e+00 
130 -9.820036e+00 
131 -9.851116e+00 
132 -9.882188e+00 
133 -9.913253e+00 
134 -9.944309e+00 
135 -9.975358e+00 
136 -1.000640e+01 
137 -1.003743e+01 
138 -1.006845e+01 
139 -1.009947e+01 
140 -1.013048e+01 
141 -1.016148e+01 
142 -1.019247e+01 
143 -1.022345e+01 
144 -1.025443e+01 
145 -1.028539e+01 
146 -1.031635e+01 
147 -1.034730e+01 
148 -1.037824e+01 
149 -1.040918e+01 
150 -1.044011e+01 
151 -1.047103e+01 
152 -1.050194e+01 
153 -1.053284e+01 
154 -1.056374e+01 
155 -1.059463e+01 
156 -1.062551e+01 
157 -1.065639e+01 
158 -1.068726e+01 
159 -1.071812e+01 
160 -1.074897e+01 
161 -1.077982e+01 
162 -1.081066e+01 
163 -1.084150e+01 
164 -1.087233e+01 
165 -1.090315e+01 
166 -1.093397e+01 
167 -1.096479e+01 
168 -1.099559e+01 
169 -1.102639e+01 
170 -1.105719e+01 
171 -1.108798e+01 
172 -1.111877e+01 
173 -1.114955e+01 
174 -1.118032e+01 
175 -1.121109e+01 
176 -1.124186e+01 
177 -1.127262e+01 
178 -1.130338e+01 
179 -1.133413e+01 
180 -1.136488e+01 
181 -1.139563e+01 
182 -1.142637e+01 
183 -1.145711e+01 
184 -1.148784e+01 
185 -1.151857e+01 
186 -1.154929e+01 
187 -1.158002e+01 
188 -1.161074e+01 
189 -1.164145e+01 
190 -1.167216e+01 
191 -1.170287e+01 
192 -1.173358e+01 
193 -1.176428e+01 
194 -1.179498e+01 
195 -1.182568e+01 
196 -1.185638e+01 
197 -1.188707e+01 
198 -1.191776e+01 
199 -1.194845e+01 
200 -1.197913e+01 
201 -1.200981e+01 
202 -1.204049e+01 
203 -1.207117e+01 
204 -1.210185e+01 
205 -1.213252e+01 
206 -1.216319e+01 
207 -1.219386e+01 
208 -1.222453e+01 
209 -1.225520e+01 
210 -1.228586e+01 
211 -1.231652e+01 
212 -1.234719e+01 
213 -1.237784e+01 
214 -1.240850e+01 
215 -1.243916e+01 
216 -1.246981e+01 
217 -1.250047e+01 
218 -1.253112e+01 
219 -1.256177e+01 
220 -1.259242e+01 
221 -1.262306e+01 
222 -1.265371e+01 
223 -1.268436e+01 
224 -1.271500e+01 
225 -1.274564e+01 
226 -1.277628e+01 
227 -1.280693e+01 
228 -1.283756e+01 
229 -1.286820e+01 
230 -1.289884e+01 
231 -1.292948e+01 
232 -1.296011e+01 
233 -1.299075e+01 
234 -1.302138e+01 
235 -1.305202e+01 
236 -1.308265e+01 
237 -1.311328e+01 
238 -1.314391e+01 
239 -1.317454e+01 
240 -1.320517e+01 
241 -1.323580e+01 
242 -1.326643e+01 
243 -1.329705e+01 
244 -1.332768e+01 
245 -1.335831e+01 
246 -1.338893e+01 
247 -1.341956e+01 
248 -1.345018e+01 
249 -1.348081e+01 
250 -1.351143e+01 
251 -1.354205e+01 
252 -1.357267e+01 
253 -1.360330e+01 
254 -1.363392e+01 
255 -1.366454e+01 
256 -1.369516e+01 
257 -1.372578e+01 
258 -1.375640e+01 
259 -1.378702e+01 
260 -1.381764e+01 
261 -1.384826e+01 
262 -1.387887e+01 
263 -1.390949e+01 
264 -1.394011e+01 
265 -1.397073e+01 
266 -1.400134e+01 
267 -1.403196e+01 
268 -1.406258e+01 
269 -1.409319e+01 
270 -1.412381e+01 
271 -1.415442e+01 
272 -1.418504e+01 
273 -1.421565e+01 
274 -1.424627e+01 
275 -1.427688e+01 
276 -1.430750e+01 
277 -1.433811e+01 
278 -1.436872e+01 
279 -1.439934e+01 
280 -1.442995e+01 
281 -1.446056e+01 
282 -1.449118e+01 
283 -1.452179e+01 
284 -1.455240e+01 
285 -1.458302e+01 
286 -1.461363e+01 
287 -1.464424e+01 
288 -1.467485e+01 
289 -1.470546e+01 
290 -1.473608e+01 
291 -1.476669e+01 
292 -1.479730e+01 
293 -1.482791e+01 
294 -1.485852e+01 
295 -1.488913e+01 
296 -1.491974e+01 
297 -1.495035e+01 
298 -1.498096e+01 
299 -1.501158e+01 
300 -1.504219e+01 
301 -1.507280e+01 
302 -1.510341e+01 
303 -1.513402e+01 
304 -1.516463e+01 
305 -1.519524e+01 
306 -1.522585e+01 
307 -1.525646e+01 
308 -1.528707e+01 
309 -1.531768e+01 
310 -1.534829e+01 
311 -1.537890e+01 
312 -1.540950e+01 
313 -1.544011e+01 
314 -1.547072e+01 
315 -1.550133e+01 
316 -1.553194e+01 
317 -1.556255e+01 
318 -1.559316e+01 
319 -1.562377e+01 
320 -1.565438e+01 
321 -1.568499e+01 
322 -1.571560e+01 
323 -1.574621e+01 
324 -1.577681e+01 
325 -1.580742e+01 
326 -1.583803e+01 
327 -1.586864e+01 
328 -1.589925e+01 
329 -1.592986e+01 
330 -1.596047e+01 
331 -1.599107e+01 
332 -1.602168e+01 
333 -1.605229e+01 
334 -1.608290e+01 
335 -1.611351e+01 
336 -1.614412e+01 
337 -1.617472e+01 
338 -1.620533e+01 
339 -1.623594e+01 
340 -1.626655e+01 
341 -1.629716e+01 
342 -1.632777e+01 
343 -1.635837e+01 
344 -1.638898e+01 
345 -1.641959e+01 
346 -1.645020e+01 
347 -1.648081e+01 
348 -1.651141e+01 
349 -1.654202e+01 
350 -1.657263e+01 
351 -1.660324e+01 
352 -1.663385e+01 
353 -1.666445e+01 
354 -1.669506e+01 
355 -1.672567e+01 
356 -1.675628e+01 
357 -1.678688e+01 
358 -1.681749e+01 
359 -1.684810e+01 
360 -1.687871e+01 
361 -1.690932e+01 
362 -1.693992e+01 
363 -1.697053e+01 
364 -1.700114e+01 
365 -1.703175e+01 
366 -1.706235e+01 
367 -1.709296e+01 
368 -1.712357e+01 
369 -1.715418e+01 
370 -1.718478e+01 
371 -1.721539e+01 
372 -1.724600e+01 
373 -1.727661e+01 
374 -1.730722e+01 
375 -1.733782e+01 
376 -1.736843e+01 
377 -1.739904e+01 
378 -1.742965e+01 
379 -1.746025e+01 
380 -1.749086e+01 
381 -1.752147e+01 
382 -1.755208e+01 
383 -1.758268e+01 
384 -1.761329e+01 
385 -1.764390e+01 
386 -1.767451e+01 
387 -1.770511e+01 
388 -1.773572e+01 
389 -1.776633e+01 
390 -1.779694e+01 
391 -1.782754e+01 
392 -1.785815e+01 
393 -1.788876e+01 
394 -1.791937e+01 
395 -1.794997e+01 
396 -1.798058e+01 
397 -1.801119e+01 
398 -1.804180e+01 
399 -1.807240e+01 
400 -1.810301e+01 
401 -1.813362e+01 
