NAME argon atom        Ar
FILE aratm.ref
-------------------------
TROT
0.0         
TVIB
1.0
0.0
-------------------------
LVLS
9.0
G_EL        E_EL        A_E         B_E         D_E         W_E         XW_E
1.0              0.0    0.0         0.0         0.0         0.0         0.0
9.0         111818.1    0.0         0.0         0.0         0.0         0.0
16.0        112885.0    0.0         0.0         0.0         0.0         0.0
12.0        113571.3    0.0         0.0         0.0         0.0         0.0
3.0         114147.7    0.0         0.0         0.0         0.0         0.0
5.0         114641.0    0.0         0.0         0.0         0.0         0.0
5.0         114805.2    0.0         0.0         0.0         0.0         0.0
7.0         114822.0    0.0         0.0         0.0         0.0         0.0
3.0         115366.9    0.0         0.0         0.0         0.0         0.0
-------------------------
MMOL        
39.948e-3  
HFOR        
0.0         
SIG
0.0
-------------------------
STOP
