NAME carbon monoxyde CO
FILE comol.ref
-------------------------
TROT
2.77870477706503       
TVIB
1.0
3121.90326953614 
-------------------------
MMOL        
28.01e-3  
HFOR        
-110530.0         
SIG
1.0
-------------------------
LVLS
8.0
G_EL        E_EL        A_E         B_E         D_E         W_E         XW_E
1.0             0.0     0.01750431  1.93128088  6.120712    2169.813844 13.288421
6.0         48686.79    0.01904     1.69124     6.38        1743.41     14.36
3.0         55825.65    0.018921    1.3446      6.          1228.604    10.4675
6.0         61123.9     0.01668     1.3089      6.          1168.18      9.7
3.0         64230.24    0.017528    1.2836      6.          1117.72     10.686 
2.0         65075.77    0.023251    1.6115      7.29        1518.24     19.40
1.0         65084.4     0.01848     1.2705      9.          1092.218    10.704
2.0         65928.0     0.017       1.257       6.6         1094.0      10.2
10.0        80000.0     0.00        0.931       0.0          759.        0.0
5.0         81000.0     0.00        0.68        0.0          500.        0.0
-------------------------
STOP
