NAME dicarbon molecule C2
FILE dicarbmol.ref
-------------------------
TROT
2.61861382763778
TVIB
1.
2668.64050480270 
-------------------------
MMOL        
24.022e-3  
HFOR        
822388.0         
SIG
2.0
-------------------------
LVLS
27.0
G_EL        E_EL        A_E         B_E         D_E         W_E         XW_E
1.0            0.0     0.01732     1.99824     5.48        2358.6      14.32
6.0          716.2     0.01820     1.45460     5.20        1460.6      13.87
3.0         6434.27    0.01820     1.63740     7.60        1734.1      14.40
2.0         8391.27    0.01710     1.47000     6.03        1506.5      12.50
3.0         9227.4     0.01660     1.47300     5.56        1516.6      12.00
2.0        15180.0     0.01657     1.47990     5.54        1530.3      12.07
1.0        18740.0     0.01793     1.61690     5.89        1694.2      13.95
3.0        20022.5     0.01660     1.49800     5.53        1559.3      11.63
10.0       22500.0     0.01635     0.92100     9.50         667.0      11.70
5.0        30475.0     0.0         0.0         0.0            1.0       0.0
2.0        34261.9     0.0         0.0         0.0            1.0       0.0
6.0        34875.0     0.0         0.0         0.0            1.0       0.0
1.0        35175.0     0.0         0.0         0.0            1.0       0.0
6.0        38300.6     0.0         0.0         0.0            1.0       0.0
2.0        39365.0     0.0         0.0         0.0            1.0       0.0
6.0        40796.65    0.0         0.0         0.0            1.0       0.0
6.0        41000.0     0.0         0.0         0.0            1.0       0.0
6.0        42600.0     0.0         0.0         0.0            1.0       0.0
2.0        43100.0     0.0         0.0         0.0            1.0       0.0
1.0        43239.76    0.0         0.0         0.0            1.0       0.0
3.0        43450.      0.0         0.0         0.0            1.0       0.0
6.0        44750.      0.0         0.0         0.0            1.0       0.0
1.0        51850.      0.0         0.0         0.0            1.0       0.0
2.0        52850.      0.0         0.0         0.0            1.0       0.0
1.0        55034.9     0.0         0.0         0.0            1.0       0.0
2.0        55400.      0.0         0.0         0.0            1.0       0.0 
2.0        63100.      0.0         0.0         0.0            1.0       0.0
--------------------------
STOP
