NAME dicarbon +ve ion   C2+
FILE carb2plus.ref
-------------------------
TROT
2.02869182636018 
TVIB
1.
2244.51010576020
-------------------------
MMOL
24.021451e-3
HFOR
1992000.0
SIG
2.0
-------------------------
CHRG
+1.0
-------------------------
LVLS
10.0
G_EL        E_EL        A_E         B_E         D_E         W_E         XW_E
4.0             0.0     0.01881     1.93176     7.13660        1.0      16.10
4.0          4200.0     0.01880     1.74440     6.21990        1.0      15.02
8.0          5600.0     0.02400     2.08500     4.59050        1.0      23.18
4.0          5900.0     0.02000     2.07500     1.90480        1.0      11.91
4.0          6600.0     0.0         0.0         0.0            1.0       1.0  
2.0         10700.0     0.0         0.0         0.0            1.0       1.0        
2.0         13600.0     0.0         0.0         0.0            1.0       1.0 
4.0         16700.0     0.0         0.0         0.0            1.0       1.0  
2.0         19000.0     0.0         0.0         0.0            1.0       1.0  
2.0         46000.0     0.0         0.0         0.0            1.0       1.0
-------------------------
STOP            
