NAME carbon dioxyde CO2
FILE co2mol.ref
-------------------------
TROT
0.561508245068313    
TVIB
4.
1918.64980422635
959.614094613902
959.614094613902
3381.93220499450
-------------------------
MMOL        
44.009e-3  
HFOR        
-393145.0         
SIG
2.0
-------------------------
LVLS
12.0
G_EL        E_EL        A_E         B_E         D_E         W_E         XW_E
1.0             0.0     0.0         0.0         0.0         1.0         0.0
3.0         30000.0     0.0         0.0         0.0         1.0         0.0     
6.0         33000.0     0.0         0.0         0.0         1.0         0.0     
3.0         36000.0     0.0         0.0         0.0         1.0         0.0     
2.0         45000.0     0.0         0.0         0.0         1.0         0.0     
2.0         72480.0     0.0         0.0         0.0         1.0         0.0     
1.0         73100.0     0.0         0.0         0.0         1.0         0.0     
1.0         85160.0     0.0         0.0         0.0         1.0         0.0     
1.0         85840.0     0.0         0.0         0.0         1.0         0.0     
1.0         88535.0     0.0         0.0         0.0         1.0         0.0     
1.0         89111.0     0.0         0.0         0.0         1.0         0.0     
3.0         90438.0     0.0         0.0         0.0         1.0         0.0     
-------------------------
STOP
