NAME nitrogen molecule N2
FILE nitmol.ref
-------------------------
TROT
2.9         
TVIB
1.0
3390.0
-------------------------
MMOL        
28.0134e-3  
HFOR        
0.0         
SIG
2.0
-------------------------
LVLS
8.0
G_EL        E_EL        A_E         B_E         D_E         W_E         XW_E
1.0             0.0     0.01732     1.99824     5.48        2358.6      14.32
3.0         50204.0     0.01820     1.45460     5.20        1460.6      13.87
6.0         59619.0     0.01820     1.63740     7.60        1734.1      14.40
6.0         59808.0     0.01710     1.47000     6.03        1506.5      12.50
3.0         66272.0     0.01660     1.47300     5.56        1516.6      12.00
1.0         68153.0     0.01657     1.47990     5.54        1530.3      12.07
2.0         69283.0     0.01793     1.61690     5.89        1694.2      13.95
2.0         72097.0     0.01660     1.49800     5.53        1559.3      11.63
5.0         76436.0     0.01635     0.92100     9.50         667.0      11.70
-------------------------
STOP
