NAME nitrogen monoxyde NO
FILE nomol.ref
-------------------------
TROT
2.5         
TVIB
1.0
2740.0
-------------------------
MMOL        
30.0061e-3  
HFOR        
90773.0         
SIG
1.0
-------------------------
LVLS
3.0
G_EL        E_EL        A_E         B_E         D_E         W_E         XW_E
2.0             0.0     0.01710     1.67195     5.4         1904.2      14.07
2.0           120.94    0.01710     1.67195     5.4         1904.2      14.07
8.0         38807.0     0.01800     1.12750     5.5         1019.0      12.80
2.0         43966.0     0.01915     1.99650     5.4         2374.3      16.11
4.0         45932.0     0.01343     1.12440     5.9         1042.4       7.77
4.0         47950.0     0.02000     1.33580     2.1         1206.0      15.00
4.0         52186.0     0.03244     2.01550     2.0         2381.3      15.70
2.0         53085.0     0.02175     2.00260     1.9         2323.9      22.88
4.0         53637.0     0.02175     1.12750     1.9         1004.4      11.00
-------------------------
STOP
