 T, h at the stagnation point                                                                                                                                                                                                                                                                               
   450.000000000000        33752318.3000000     
   554.700306000000        33910412.9000000     
   662.722077000000        34079007.5000000     
   773.996733000000        34257107.3000000     
   888.392203000000        34444011.5000000     
   1005.74972000000        34639238.8000000     
   1125.90066000000        34842463.0000000     
   1248.67266000000        35053480.9000000     
   1373.89099000000        35272201.7000000     
   1501.37735000000        35498648.6000000     
   1630.94686000000        35732972.8000000     
   1762.40294000000        35975488.0000000     
   1895.53016000000        36226703.3000000     
   2030.09157000000        36487248.6000000     
   2165.90501000000        36757586.8000000     
   2303.00408000000        37037825.0000000     
   2441.41879000000        37327900.6000000     
   2581.14964000000        37627789.5000000     
   2722.17084000000        37937529.0000000     
   2864.43307000000        38257188.9000000     
   3007.86603000000        38586851.7000000     
   3152.38443000000        38926608.8000000     
   3297.88299000000        39276542.7000000     
   3444.23311000000        39636713.0000000     
   3591.29113000000        40007159.4000000     
   3738.90105000000        40387896.1000000     
   3886.89767000000        40778907.2000000     
   4035.10989000000        41180143.3000000     
   4183.36394000000        41591517.7000000     
   4331.48630000000        42012903.8000000     
   4479.30628000000        42444132.7000000     
   4626.65807000000        42884991.1000000     
   4773.38225000000        43335219.9000000     
   4919.32676000000        43794512.8000000     
   5064.34734000000        44262515.6000000     
   5208.30763000000        44738825.6000000     
   5351.07881000000        45222990.9000000     
   5492.53903000000        45714510.7000000     
   5632.57269000000        46212835.7000000     
   5771.06959000000        46717368.3000000     
   5907.92408000000        47227463.7000000     
   6043.03424000000        47742431.6000000     
   6176.30114000000        48261537.7000000     
   6307.62820000000        48784006.2000000     
   6436.92074000000        49309022.3000000     
   6564.08557000000        49835736.0000000     
   6689.03087000000        50363265.8000000     
   6811.66610000000        50890702.9000000     
   6931.90216000000        51417116.4000000     
   7049.65161000000        51941558.6000000     
   7164.82907000000        52463070.9000000     
   7277.35171000000        52980689.9000000     
   7387.13981000000        53493453.8000000     
   7494.11746000000        54000409.4000000     
   7598.21325000000        54500618.6000000     
   7699.36103000000        54993165.6000000     
   7797.50062000000        55477163.4000000     
   7892.57861000000        55951760.4000000     
   7984.54901000000        56416147.0000000     
   8073.37393000000        56869561.5000000     
   8159.02413000000        57311295.7000000     
   8241.47949000000        57740700.0000000     
   8320.72942000000        58157187.7000000     
   8396.77306000000        58560239.3000000     
   8469.61941000000        58949405.0000000     
   8539.28738000000        59324307.7000000     
   8605.80558000000        59684644.2000000     
   8669.21214000000        60030186.4000000     
   8729.55426000000        60360780.6000000     
   8786.88778000000        60676347.4000000     
   8841.27660000000        60976879.7000000     
   8892.79197000000        61262440.2000000     
   8941.51183000000        61533158.6000000     
   8987.52000000000        61789227.6000000     
   9030.90540000000        62030898.4000000     
   9071.76121000000        62258476.3000000     
   9110.18406000000        62472315.1000000     
   9146.27322000000        62672811.5000000     
   9180.12986000000        62860399.8000000     
   9211.85622000000        63035545.5000000     
   9241.55501000000        63198740.0000000     
   9269.32870000000        63350494.5000000     
   9295.27894000000        63491334.7000000     
   9319.50605000000        63621795.6000000     
   9342.10853000000        63742416.2000000     
   9363.18266000000        63853735.7000000     
   9382.82216000000        63956288.5000000     
   9401.11789000000        64050601.1000000     
   9418.15761000000        64137188.8000000     
   9434.02582000000        64216552.9000000     
   9448.80359000000        64289178.2000000     
   9462.56852000000        64355531.5000000     
   9475.39463000000        64416059.7000000     
   9487.35239000000        64471189.1000000     
   9498.50871000000        64521324.4000000     
   9508.92698000000        64566848.6000000     
   9518.66715000000        64608122.4000000     
   9527.78580000000        64645484.7000000     
   9536.33624000000        64679252.6000000     
   9544.36860000000        64709722.0000000     
 Species at the stagnation point                                                                                                                                                                                                                                                                            
  2.105237770000000E-002  1.810432170000000E-003  1.612768800000000E-008
  0.977137110000000       7.096394200000000E-008
  2.101348900000000E-002  1.830843950000000E-003  1.610420350000000E-008
  0.977155586000000       7.176402370000000E-008
  2.091687530000000E-002  1.886656780000000E-003  1.608606350000000E-008
  0.977196385000000       7.395172220000000E-008
  2.077677140000000E-002  1.973423220000000E-003  1.607243450000000E-008
  0.977249719000000       7.735271169999999E-008
  2.060265800000000E-002  2.089049940000000E-003  1.605947440000000E-008
  0.977308201000000       8.188493930000000E-008
  2.040103170000000E-002  2.233080620000000E-003  1.604097110000000E-008
  0.977365791000000       8.753051870000000E-008
  2.017659710000000E-002  2.406171070000000E-003  1.601280650000000E-008
  0.977417128000000       9.431515570000001E-008
  1.993290330000000E-002  2.609872310000000E-003  1.598077340000000E-008
  0.977457113000000       1.022996460000000E-007
  1.967271010000000E-002  2.846603230000000E-003  1.595911980000000E-008
  0.977480566000000       1.115788020000000E-007
  1.939822320000000E-002  3.119740570000000E-003  1.592867150000000E-008
  0.977481905000000       1.222849840000000E-007
  1.911125360000000E-002  3.433842620000000E-003  1.577573010000000E-008
  0.977454760000000       1.345968590000000E-007
  1.881333200000000E-002  3.795064960000000E-003  1.546580650000000E-008
  0.977391445000000       1.487557080000000E-007
  1.850578630000000E-002  4.211587450000000E-003  1.588680650000000E-008
  0.977282452000000       1.650821750000000E-007
  1.818978880000000E-002  4.692900830000000E-003  1.989049070000000E-008
  0.977117113000000       1.839483250000000E-007
  1.786644460000000E-002  5.245912640000000E-003  3.086769710000000E-008
  0.976887413000000       2.056249800000000E-007
  1.753686860000000E-002  5.870834590000000E-003  4.906865330000000E-008
  0.976592024000000       2.301204420000000E-007
  1.720194450000000E-002  6.566055200000000E-003  7.495475770000000E-008
  0.976231674000000       2.573715560000000E-007
  1.686237490000000E-002  7.330521280000000E-003  1.102306310000000E-007
  0.975806712000000       2.873370740000000E-007
  1.651874570000000E-002  8.163898669999999E-003  1.572235860000000E-007
  0.975316884000000       3.200039420000000E-007
  1.617155840000000E-002  9.066247630000000E-003  2.184141710000000E-007
  0.974761626000000       3.553745710000000E-007
  1.582125130000000E-002  1.003779850000000E-002  2.963548150000000E-007
  0.974140266000000       3.934580390000000E-007
  1.546821710000000E-002  1.107884110000000E-002  3.936761580000000E-007
  0.973452120000000       4.342657610000000E-007
  1.511281660000000E-002  1.218966240000000E-002  5.130414310000000E-007
  0.972696536000000       4.778090350000000E-007
  1.475538970000000E-002  1.337050110000000E-002  6.570637900000000E-007
  0.971872934000000       5.240972660000000E-007
  1.439626380000000E-002  1.462151200000000E-002  8.282197670000000E-007
  0.970980828000000       5.731365760000000E-007
  1.403576050000000E-002  1.594273870000000E-002  1.028766040000000E-006
  0.970019853000000       6.249287130000000E-007
  1.367420030000000E-002  1.733409100000000E-002  1.260659190000000E-006
  0.968989774000000       6.794701840000000E-007
  1.331190690000000E-002  1.879532730000000E-002  1.525480810000000E-006
  0.967890509000000       7.367515480000000E-007
  1.294920990000000E-002  2.032603920000000E-002  1.824372190000000E-006
  0.966722135000000       7.967568200000000E-007
  1.258644680000000E-002  2.192563830000000E-002  2.157982120000000E-006
  0.965484903000000       8.594629460000000E-007
  1.222396420000000E-002  2.359334410000000E-002  2.526430090000000E-006
  0.964179246000000       9.248393370000000E-007
  1.186211830000000E-002  2.532817290000000E-002  2.929285780000000E-006
  0.962805792000000       9.928474259999999E-007
  1.150127540000000E-002  2.712892740000000E-002  3.365564950000000E-006
  0.961365373000000       1.063440270000000E-006
  1.114181070000000E-002  2.899418680000000E-002  3.833740620000000E-006
  0.959859037000000       1.136562130000000E-006
  1.078410800000000E-002  3.092229720000000E-002  4.331768030000000E-006
  0.958288056000000       1.212148160000000E-006
  1.042855810000000E-002  3.291136290000000E-002  4.857121340000000E-006
  0.956653937000000       1.290124000000000E-006
  1.007555730000000E-002  3.495923830000000E-002  5.406839790000000E-006
  0.954958432000000       1.370405470000000E-006
  9.725505880000001E-003  3.706352110000000E-002  5.977581270000000E-006
  0.953203547000000       1.452898370000000E-006
  9.378805380000001E-003  3.922154650000000E-002  6.565681210000000E-006
  0.951391549000000       1.537498150000000E-006
  9.035856970000001E-003  4.143038320000000E-002  7.167214970000000E-006
  0.949524973000000       1.624089850000000E-006
  8.697058870000000E-003  4.368683190000000E-002  7.778062370000001E-006
  0.947606623000000       1.712547990000000E-006
  8.362804000000000E-003  4.598742550000000E-002  8.393972930000000E-006
  0.945639578000000       1.802736580000000E-006
  8.033477520000000E-003  4.832843260000000E-002  9.010630860000000E-006
  0.943627189000000       1.894509270000000E-006
  7.709454360000000E-003  5.070586330000000E-002  9.623718809999999E-006
  0.941573075000000       1.987709590000000E-006
  7.391096850000000E-003  5.311547920000000E-002  1.022897960000000E-005
  0.939481117000000       2.082171320000000E-006
  7.078752340000000E-003  5.555280620000000E-002  1.082227530000000E-005
  0.937355445000000       2.177719010000000E-006
  6.772750950000000E-003  5.801315050000000E-002  1.139964280000000E-005
  0.935200429000000       2.274168600000000E-006
  6.473403470000000E-003  6.049161900000000E-002  1.195734510000000E-005
  0.933020653000000       2.371328220000000E-006
  6.180999360000000E-003  6.298314219999999E-002  1.249191820000000E-005
  0.930820901000000       2.468999090000000E-006
  5.895804990000000E-003  6.548250090000000E-002  1.300021260000000E-005
  0.928606130000000       2.566976570000000E-006
  5.618062020000000E-003  6.798435550000000E-002  1.347942850000000E-005
  0.926381441000000       2.665051320000000E-006
  5.347986070000000E-003  7.048327779999999E-002  1.392714490000000E-005
  0.924152049000000       2.763010510000000E-006
  5.085765530000000E-003  7.297378559999999E-002  1.434134210000000E-005
  0.921923250000000       2.860639220000000E-006
  4.831560720000000E-003  7.545037830000000E-002  1.472041680000000E-005
  0.919700386000000       2.957721810000000E-006
  4.585503220000000E-003  7.790757430000000E-002  1.506318980000000E-005
  0.917488808000000       3.054043400000000E-006
  4.347695540000000E-003  8.033994890000000E-002  1.536890710000000E-005
  0.915293840000000       3.149391340000000E-006
  4.118210980000000E-003  8.274217270000001E-002  1.563723290000000E-005
  0.913120738000000       3.243556720000000E-006
  3.897093820000000E-003  8.510904960000000E-002  1.586823700000000E-005
  0.910974655000000       3.336335870000000E-006
  3.684359710000000E-003  8.743555480000000E-002  1.606237440000000E-005
  0.908860598000000       3.427531850000000E-006
  3.479996330000000E-003  8.971687060000000E-002  1.622046030000000E-005
  0.906783398000000       3.516955830000000E-006
  3.283964290000000E-003  9.194842210000000E-002  1.634363950000000E-005
  0.904747668000000       3.604428510000000E-006
  3.096198230000000E-003  9.412590990000000E-002  1.643335150000000E-005
  0.902757771000000       3.689781400000000E-006
  2.916608120000000E-003  9.624534090000000E-002  1.649129260000000E-005
  0.900817789000000       3.772858010000000E-006
  2.745080700000000E-003  9.830305670000000E-002  1.651937560000000E-005
  0.898931492000000       3.853514980000000E-006
  2.581481100000000E-003  0.100295758000000       1.651968760000000E-005
  0.897102311000000       3.931623040000000E-006
  2.425654550000000E-003  0.102220528000000       1.649444840000000E-005
  0.895333318000000       4.007067850000000E-006
  2.277428220000000E-003  0.104074845000000       1.644596860000000E-005
  0.893627202000000       4.079750710000000E-006
  2.136613080000000E-003  0.105856604000000       1.637660960000000E-005
  0.891986258000000       4.149589050000000E-006
  2.003005760000000E-003  0.107564117000000       1.628874590000000E-005
  0.890412374000000       4.216516820000000E-006
  1.876390560000000E-003  0.109196122000000       1.618472970000000E-005
  0.888907024000000       4.280484600000000E-006
  1.756541270000000E-003  0.110751783000000       1.606686000000000E-005
  0.887471268000000       4.341459650000000E-006
  1.643223100000000E-003  0.112230682000000       1.593735470000000E-005
  0.886105759000000       4.399425610000000E-006
  1.536194460000000E-003  0.113632809000000       1.579832700000000E-005
  0.884810745000000       4.454382140000000E-006
  1.435208710000000E-003  0.114958547000000       1.565176640000000E-005
  0.883586087000000       4.506344310000000E-006
  1.340015800000000E-003  0.116208655000000       1.549952380000000E-005
  0.882431276000000       4.555341860000000E-006
  1.250363860000000E-003  0.117384239000000       1.534330050000000E-005
  0.881345454000000       4.601418240000000E-006
  1.166000630000000E-003  0.118486730000000       1.518464150000000E-005
  0.880327441000000       4.644629570000000E-006
  1.086674770000000E-003  0.119517854000000       1.502493200000000E-005
  0.879375762000000       4.685043480000000E-006
  1.012137100000000E-003  0.120479597000000       1.486539780000000E-005
  0.878488679000000       4.722737830000000E-006
  9.421416680000000E-004  0.121374171000000       1.470710790000000E-005
  0.877664223000000       4.757799420000000E-006
  8.764467499999999E-004  0.122203984000000       1.455097950000000E-005
  0.876900228000000       4.790322590000000E-006
  8.148156640000000E-004  0.122971600000000       1.439778550000000E-005
  0.876194367000000       4.820407880000000E-006
  7.570175100000000E-004  0.123679708000000       1.424816340000000E-005
  0.875544179000000       4.848160680000000E-006
  7.028277880000000E-004  0.124331085000000       1.410262430000000E-005
  0.874947111000000       4.873689920000000E-006
  6.520289040000000E-004  0.124928570000000       1.396156450000000E-005
  0.874400542000000       4.897106820000000E-006
  6.044105700000000E-004  0.125475029000000       1.382527570000000E-005
  0.873901817000000       4.918523720000000E-006
  5.597701220000000E-004  0.125973328000000       1.369395600000000E-005
  0.873448270000000       4.938053000000000E-006
  5.179127340000000E-004  0.126426310000000       1.356772150000000E-005
  0.873037254000000       4.955806090000000E-006
  4.786515660000000E-004  0.126836772000000       1.344661590000000E-005
  0.872666158000000       4.971892640000000E-006
  4.418078320000000E-004  0.127207447000000       1.333062160000000E-005
  0.872332429000000       4.986419700000000E-006
  4.072108050000000E-004  0.127540982000000       1.321966810000000E-005
  0.872033588000000       4.999491140000000E-006
  3.746977660000000E-004  0.127839933000000       1.311364080000000E-005
  0.871767245000000       5.011207050000000E-006
  3.441139040000000E-004  0.128106746000000       1.301238800000000E-005
  0.871531106000000       5.021663380000000E-006
  3.153121680000000E-004  0.128343755000000       1.291572990000000E-005
  0.871322986000000       5.030951530000000E-006
  2.881530890000000E-004  0.128553171000000       1.282347680000000E-005
  0.871140813000000       5.039158210000000E-006
  2.625045710000000E-004  0.128737080000000       1.273544720000000E-005
  0.870982633000000       5.046365190000000E-006
  2.382416490000000E-004  0.128897443000000       1.265145980000000E-005
  0.870846611000000       5.052649300000000E-006
  2.152462330000000E-004  0.129036092000000       1.257136290000000E-005
  0.870731032000000       5.058082360000000E-006
  1.934068260000000E-004  0.129154733000000       1.249564710000000E-005
  0.870634301000000       5.062731270000000E-006
  1.726181950000000E-004  0.129254948000000       1.242824460000000E-005
  0.870554939000000       5.066658070000000E-006
