 T, h at the stagnation point 
 7.50000000e+02 4.35379209e+06 
 8.22836216e+02 4.44824113e+06 
 8.95847642e+02 4.54474159e+06 
 9.68898440e+02 4.64316473e+06 
 1.04209334e+03 4.74343769e+06 
 1.11557244e+03 4.84551183e+06 
 1.18937422e+03 4.94932514e+06 
 1.26348374e+03 5.05479938e+06 
 1.33787084e+03 5.16185107e+06 
 1.41250230e+03 5.27039573e+06 
 1.48734556e+03 5.38034857e+06 
 1.56236954e+03 5.49162454e+06 
 1.63754453e+03 5.60413804e+06 
 1.71284160e+03 5.71780261e+06 
 1.78823203e+03 5.83253051e+06 
 1.86368666e+03 5.94823234e+06 
 1.93917534e+03 6.06481653e+06 
 2.01466491e+03 6.18218813e+06 
 2.09011785e+03 6.30024998e+06 
 2.16550577e+03 6.41890415e+06 
 2.24079069e+03 6.53804945e+06 
 2.31593146e+03 6.65758043e+06 
 2.39088351e+03 6.77738859e+06 
 2.46559870e+03 6.89736217e+06 
 2.54002533e+03 7.01738625e+06 
 2.61410819e+03 7.13734293e+06 
 2.68778873e+03 7.25711154e+06 
 2.76100530e+03 7.37656893e+06 
 2.83369343e+03 7.49558979e+06 
 2.90578620e+03 7.61404712e+06 
 2.97721466e+03 7.73181264e+06 
 3.04790834e+03 7.84875734e+06 
 3.11779572e+03 7.96475200e+06 
 3.18680482e+03 8.07966781e+06 
 3.25486375e+03 8.19337701e+06 
 3.32190130e+03 8.30575349e+06 
 3.38784750e+03 8.41667346e+06 
 3.45263423e+03 8.52601614e+06 
 3.51619574e+03 8.63366434e+06 
 3.57846917e+03 8.73950518e+06 
 3.63939507e+03 8.84343064e+06 
 3.69891781e+03 8.94533817e+06 
 3.75698598e+03 9.04513123e+06 
 3.81355273e+03 9.14271976e+06 
 3.86857608e+03 9.23802067e+06 
 3.92201912e+03 9.33095820e+06 
 3.97385021e+03 9.42146426e+06 
 4.02404306e+03 9.50947866e+06 
 4.07257684e+03 9.59494937e+06 
 4.11943613e+03 9.67783263e+06 
 4.16461095e+03 9.75809300e+06 
 4.20809661e+03 9.83570339e+06 
 4.24989362e+03 9.91064499e+06 
 4.29000749e+03 9.98290715e+06 
 4.32844860e+03 1.00524872e+07 
 4.36523187e+03 1.01193903e+07 
 4.40037662e+03 1.01836291e+07 
 4.43390618e+03 1.02452232e+07 
 4.46584771e+03 1.03041994e+07 
 4.49623182e+03 1.03605905e+07 
 4.52509228e+03 1.04144356e+07 
 4.55246572e+03 1.04657792e+07 
 4.57839128e+03 1.05146710e+07 
 4.60291031e+03 1.05611652e+07 
 4.62606606e+03 1.06053201e+07 
 4.64790335e+03 1.06471979e+07 
 4.66846826e+03 1.06868636e+07 
 4.68780789e+03 1.07243853e+07 
 4.70597002e+03 1.07598330e+07 
 4.72300289e+03 1.07932785e+07 
 4.73895490e+03 1.08247953e+07 
 4.75387444e+03 1.08544573e+07 
 4.76780960e+03 1.08823394e+07 
 4.78080804e+03 1.09085163e+07 
 4.79291675e+03 1.09330628e+07 
 4.80418192e+03 1.09560531e+07 
 4.81464878e+03 1.09775605e+07 
 4.82436145e+03 1.09976575e+07 
 4.83336287e+03 1.10164151e+07 
 4.84169468e+03 1.10339028e+07 
 4.84939713e+03 1.10501885e+07 
 4.85650904e+03 1.10653383e+07 
 4.86306772e+03 1.10794162e+07 
 4.86910896e+03 1.10924841e+07 
 4.87466700e+03 1.11046019e+07 
 4.87977451e+03 1.11158270e+07 
 4.88446256e+03 1.11262146e+07 
 4.88876071e+03 1.11358178e+07 
 4.89269693e+03 1.11446869e+07 
 4.89629767e+03 1.11528702e+07 
 4.89958792e+03 1.11604136e+07 
 4.90259116e+03 1.11673606e+07 
 4.90532950e+03 1.11737525e+07 
 4.90782365e+03 1.11796283e+07 
 4.91009300e+03 1.11850249e+07 
 4.91215567e+03 1.11899771e+07 
 4.91402854e+03 1.11945175e+07 
 4.91572735e+03 1.11986769e+07 
 4.91726670e+03 1.12024842e+07 
 4.91866015e+03 1.12059662e+07 
 Species at the stagnation point 
 1.89211005e-03 7.59482886e-01 1.37779172e-02 -8.20521123e-08 2.24726668e-01 1.20501036e-04 -1.50127587e-12 
 1.18845813e-03 7.59757299e-01 1.36048354e-02 -7.03510294e-08 2.25269938e-01 1.79540075e-04 -1.28718566e-12 
 6.82611785e-04 7.60022695e-01 1.32275237e-02 -4.23503053e-08 2.25758183e-01 3.09029298e-04 -7.74867211e-13 
 3.87243354e-04 7.60272266e-01 1.26412656e-02 -1.08029194e-08 2.26184991e-01 5.14244804e-04 -1.97656852e-13 
 2.37902016e-04 7.60501251e-01 1.19164773e-02 1.64546144e-08 2.26567941e-01 7.76412417e-04 3.01063737e-13 
 1.59500751e-04 7.60705429e-01 1.11338349e-02 3.77519154e-08 2.26926822e-01 1.07437512e-03 6.90732243e-13 
 1.13467357e-04 7.60879789e-01 1.03382348e-02 5.39631153e-08 2.27269568e-01 1.39888683e-03 9.87342318e-13 
 8.39042259e-05 7.61019151e-01 9.55158507e-03 6.66024636e-08 2.27598499e-01 1.74679352e-03 1.21859960e-12 
 6.36987906e-05 7.61119050e-01 8.78616242e-03 7.69549777e-08 2.27913909e-01 2.11710280e-03 1.40801556e-12 
 4.92667957e-05 7.61175938e-01 8.04975433e-03 8.59356959e-08 2.28215395e-01 2.50955914e-03 1.57233230e-12 
 3.86276141e-05 7.61187194e-01 7.34759346e-03 9.41628360e-08 2.28502418e-01 2.92407355e-03 1.72286111e-12 
 3.06003744e-05 7.61151056e-01 6.68322379e-03 1.02086261e-07 2.28774514e-01 3.36050369e-03 1.86783296e-12 
 2.44373463e-05 7.61066551e-01 6.05895076e-03 1.10123048e-07 2.29031376e-01 3.81857448e-03 2.01487897e-12 
 1.96420553e-05 7.60933405e-01 5.47611338e-03 1.18804148e-07 2.29272866e-01 4.29785496e-03 2.17371370e-12 
 1.58724814e-05 7.60751952e-01 4.93527250e-03 1.29033992e-07 2.29499014e-01 4.79776008e-03 2.36088521e-12 
 1.28837539e-05 7.60523055e-01 4.43635820e-03 1.42428685e-07 2.29709993e-01 5.31756728e-03 2.60596274e-12 
 1.05044016e-05 7.60248013e-01 3.97878005e-03 1.62379878e-07 2.29906121e-01 5.85641939e-03 2.97100203e-12 
 9.13415926e-06 7.59928437e-01 3.56104373e-03 1.94634164e-07 2.30087716e-01 6.41347445e-03 3.56114627e-12 
 9.93509365e-06 7.59566245e-01 3.18067215e-03 2.50249207e-07 2.30254723e-01 6.98817404e-03 4.57871328e-12 
 1.06869253e-05 7.59163670e-01 2.83818307e-03 3.29253098e-07 2.30408524e-01 7.57860689e-03 6.02421701e-12 
 1.13267776e-05 7.58723058e-01 2.53191184e-03 4.34886710e-07 2.30549578e-01 8.18368999e-03 7.95695449e-12 
 1.18637465e-05 7.58246806e-01 2.26002215e-03 5.70662417e-07 2.30678513e-01 8.80222440e-03 1.04411903e-11 
 1.23059926e-05 7.57737360e-01 2.02063722e-03 7.41151200e-07 2.30795938e-01 9.43301789e-03 1.35605578e-11 
 1.26703366e-05 7.57197164e-01 1.81187927e-03 9.51355066e-07 2.30902451e-01 1.00748847e-02 1.74065769e-11 
 1.29803895e-05 7.56628618e-01 1.63191085e-03 1.20658170e-06 2.30998629e-01 1.07266548e-02 2.20763602e-11 
 1.32656464e-05 7.56034054e-01 1.47896723e-03 1.51225123e-06 2.31085018e-01 1.13871828e-02 2.76690778e-11 
 1.35605409e-05 7.55415706e-01 1.35138072e-03 1.87377879e-06 2.31162125e-01 1.20553545e-02 3.42838083e-11 
 1.39035069e-05 7.54775702e-01 1.24759735e-03 2.29646135e-06 2.31230409e-01 1.27300912e-02 4.20174680e-11 
 1.43360769e-05 7.54116052e-01 1.16618654e-03 2.78537263e-06 2.31290287e-01 1.34103525e-02 5.09628893e-11 
 1.49020219e-05 7.53438645e-01 1.10584414e-03 3.34525976e-06 2.31342126e-01 1.40951373e-02 6.12069283e-11 
 1.56465274e-05 7.52745251e-01 1.06538989e-03 3.98044357e-06 2.31386249e-01 1.47834834e-02 7.28286417e-11 
 1.66153902e-05 7.52037530e-01 1.04376002e-03 4.69472477e-06 2.31422934e-01 1.54744661e-02 8.58975694e-11 
 1.78542192e-05 7.51317037e-01 1.03999581e-03 5.49129832e-06 2.31452425e-01 1.61671960e-02 1.00472168e-10 
 1.94076281e-05 7.50585242e-01 1.05322926e-03 6.37267821e-06 2.31474933e-01 1.68608153e-02 1.16598437e-10 
 2.13184105e-05 7.49843538e-01 1.08266661e-03 7.34063460e-06 2.31490642e-01 1.75544949e-02 1.34308761e-10 
 2.36266987e-05 7.49093258e-01 1.12757076e-03 8.39614460e-06 2.31499718e-01 1.82474303e-02 1.53621021e-10 
 2.63691161e-05 7.48335692e-01 1.18724341e-03 9.53935802e-06 2.31502318e-01 1.89388380e-02 1.74537956e-10 
 2.95779385e-05 7.47572103e-01 1.26100775e-03 1.07695785e-05 2.31498589e-01 1.96279520e-02 1.97046827e-10 
 3.32802916e-05 7.46803737e-01 1.34819237e-03 1.20852606e-05 2.31488685e-01 2.03140204e-02 2.21119355e-10 
 3.74974124e-05 7.46031836e-01 1.44811695e-03 1.34840221e-05 2.31472762e-01 2.09963033e-02 2.46711955e-10 
 4.22440062e-05 7.45257651e-01 1.56008035e-03 1.49626716e-05 2.31450992e-01 2.16740700e-02 2.73766235e-10 
 4.75277307e-05 7.44482442e-01 1.68335116e-03 1.65172498e-05 2.31423563e-01 2.23465988e-02 3.02209753e-10 
 5.33488326e-05 7.43707490e-01 1.81716115e-03 1.81430837e-05 2.31390681e-01 2.30131758e-02 3.31957009e-10 
 5.96999587e-05 7.42934094e-01 1.96070156e-03 1.98348516e-05 2.31352574e-01 2.36730952e-02 3.62910633e-10 
 6.65661547e-05 7.42163568e-01 2.11312215e-03 2.15866578e-05 2.31309496e-01 2.43256607e-02 3.94962757e-10 
 7.39250564e-05 7.41397244e-01 2.27353289e-03 2.33921146e-05 2.31261718e-01 2.49701869e-02 4.27996504e-10 
 8.17472681e-05 7.40636460e-01 2.44100807e-03 2.52444296e-05 2.31209538e-01 2.56060018e-02 4.61887598e-10 
 8.99969171e-05 7.39882553e-01 2.61459236e-03 2.71364964e-05 2.31153272e-01 2.62324494e-02 4.96506013e-10 
 9.86323615e-05 7.39136852e-01 2.79330858e-03 2.90609868e-05 2.31093253e-01 2.68488929e-02 5.31717673e-10 
 1.07607027e-04 7.38400666e-01 2.97616673e-03 3.10104431e-05 2.31029831e-01 2.74547184e-02 5.67386123e-10 
 1.16870341e-04 7.37675275e-01 3.16217387e-03 3.29773669e-05 2.30963365e-01 2.80493380e-02 6.03374169e-10 
 1.26368730e-04 7.36961915e-01 3.35034433e-03 3.49543055e-05 2.30894224e-01 2.86321936e-02 6.39545453e-10 
 1.36046647e-04 7.36261769e-01 3.53971012e-03 3.69339326e-05 2.30822779e-01 2.92027603e-02 6.75765927e-10 
 1.45847598e-04 7.35575958e-01 3.72933091e-03 3.89091224e-05 2.30749403e-01 2.97605499e-02 7.11905214e-10 
 1.55715138e-04 7.34905530e-01 3.91830347e-03 4.08730171e-05 2.30674465e-01 3.03051131e-02 7.47837839e-10 
 1.65593796e-04 7.34251448e-01 4.10577026e-03 4.28190863e-05 2.30598325e-01 3.08360432e-02 7.83444317e-10 
 1.75429937e-04 7.33614588e-01 4.29092696e-03 4.47411777e-05 2.30521336e-01 3.13529771e-02 8.18612082e-10 
 1.85172512e-04 7.32995733e-01 4.47302879e-03 4.66335599e-05 2.30443834e-01 3.18555978e-02 8.53236269e-10 
 1.94773701e-04 7.32395562e-01 4.65139561e-03 4.84909558e-05 2.30366141e-01 3.23436356e-02 8.87220325e-10 
 2.04189443e-04 7.31814654e-01 4.82541563e-03 5.03085682e-05 2.30288563e-01 3.28168681e-02 9.20476478e-10 
 2.13379839e-04 7.31253484e-01 4.99454795e-03 5.20820967e-05 2.30211383e-01 3.32751216e-02 9.52926046e-10 
 2.22309446e-04 7.30712423e-01 5.15832363e-03 5.38077472e-05 2.30134866e-01 3.37182700e-02 9.84499608e-10 
 2.30947444e-04 7.30191737e-01 5.31634582e-03 5.54822338e-05 2.30059252e-01 3.41462345e-02 1.01513704e-09 
 2.39267716e-04 7.29691596e-01 5.46828862e-03 5.71027744e-05 2.29984761e-01 3.45589827e-02 1.04478745e-09 
 2.47248816e-04 7.29212071e-01 5.61389504e-03 5.86670803e-05 2.29911590e-01 3.49565272e-02 1.07340895e-09 
 2.54873864e-04 7.28753139e-01 5.75297420e-03 6.01733406e-05 2.29839915e-01 3.53389235e-02 1.10096842e-09 
 2.62130367e-04 7.28314696e-01 5.88539770e-03 6.16202020e-05 2.29769886e-01 3.57062686e-02 1.12744108e-09 
 2.69009978e-04 7.27896551e-01 6.01109558e-03 6.30067455e-05 2.29701637e-01 3.60586984e-02 1.15281013e-09 
 2.75508215e-04 7.27498443e-01 6.13005174e-03 6.43324592e-05 2.29635278e-01 3.63963855e-02 1.17706621e-09 
 2.81624142e-04 7.27120042e-01 6.24229914e-03 6.55972097e-05 2.29570900e-01 3.67195362e-02 1.20020686e-09 
 2.87360029e-04 7.26760957e-01 6.34791483e-03 6.68012117e-05 2.29508577e-01 3.70283887e-02 1.22223602e-09 
 2.92720999e-04 7.26420744e-01 6.44701487e-03 6.79449960e-05 2.29448365e-01 3.73232095e-02 1.24316340e-09 
 2.97714669e-04 7.26098911e-01 6.53974933e-03 6.90293779e-05 2.29390303e-01 3.76042909e-02 1.26300392e-09 
 3.02350800e-04 7.25794928e-01 6.62629736e-03 7.00554252e-05 2.29334419e-01 3.78719485e-02 1.28177711e-09 
 3.06640953e-04 7.25508229e-01 6.70686245e-03 7.10244270e-05 2.29280723e-01 3.81265183e-02 1.29950656e-09 
 3.10598161e-04 7.25238224e-01 6.78166799e-03 7.19378628e-05 2.29229217e-01 3.83683536e-02 1.31621935e-09 
 3.14236623e-04 7.24984299e-01 6.85095296e-03 7.27973736e-05 2.29179890e-01 3.85978229e-02 1.33194548e-09 
 3.17571419e-04 7.24745825e-01 6.91496812e-03 7.36047334e-05 2.29132722e-01 3.88153072e-02 1.34671743e-09 
 3.20618248e-04 7.24522164e-01 6.97397233e-03 7.43618237e-05 2.29087685e-01 3.90211974e-02 1.36056962e-09 
 3.23393192e-04 7.24312671e-01 7.02822940e-03 7.50706083e-05 2.29044742e-01 3.92158919e-02 1.37353798e-09 
 3.25912511e-04 7.24116701e-01 7.07800512e-03 7.57331110e-05 2.29003852e-01 3.93997946e-02 1.38565954e-09 
 3.28192453e-04 7.23933610e-01 7.12356473e-03 7.63513950e-05 2.28964967e-01 3.95733131e-02 1.39697204e-09 
 3.30249102e-04 7.23762760e-01 7.16517073e-03 7.69275437e-05 2.28928035e-01 3.97368558e-02 1.40751361e-09 
 3.32098238e-04 7.23603524e-01 7.20308088e-03 7.74636445e-05 2.28893001e-01 3.98908313e-02 1.41732244e-09 
 3.33755228e-04 7.23455285e-01 7.23754671e-03 7.79617732e-05 2.28859804e-01 4.00356458e-02 1.42643651e-09 
 3.35234930e-04 7.23317440e-01 7.26881208e-03 7.84239815e-05 2.28828385e-01 4.01717020e-02 1.43489336e-09 
 3.36551625e-04 7.23189404e-01 7.29711220e-03 7.88522854e-05 2.28798681e-01 4.02993979e-02 1.44272987e-09 
 3.37718960e-04 7.23070607e-01 7.32267276e-03 7.92486555e-05 2.28770626e-01 4.04191251e-02 1.44998210e-09 
 3.38749909e-04 7.22960499e-01 7.34570933e-03 7.96150089e-05 2.28744157e-01 4.05312682e-02 1.45668513e-09 
 3.39656744e-04 7.22858550e-01 7.36642696e-03 7.99532027e-05 2.28719208e-01 4.06362033e-02 1.46287293e-09 
 3.40451026e-04 7.22764250e-01 7.38501991e-03 8.02650283e-05 2.28695715e-01 4.07342979e-02 1.46857828e-09 
 3.41143597e-04 7.22677110e-01 7.40167160e-03 8.05522075e-05 2.28673611e-01 4.08259094e-02 1.47383269e-09 
 3.41744589e-04 7.22596664e-01 7.41655459e-03 8.08163897e-05 2.28652834e-01 4.09113851e-02 1.47866633e-09 
 3.42263436e-04 7.22522465e-01 7.42983083e-03 8.10591493e-05 2.28633319e-01 4.09910615e-02 1.48310801e-09 
 3.42708894e-04 7.22454088e-01 7.44165184e-03 8.12819848e-05 2.28615005e-01 4.10652637e-02 1.48718514e-09 
 3.43089061e-04 7.22391129e-01 7.45215909e-03 8.14863185e-05 2.28597829e-01 4.11343056e-02 1.49092376e-09 
 3.43411415e-04 7.22333206e-01 7.46148440e-03 8.16734962e-05 2.28581734e-01 4.11984894e-02 1.49434848e-09 
 3.43682837e-04 7.22279956e-01 7.46975044e-03 8.18447900e-05 2.28566659e-01 4.12581054e-02 1.49748257e-09 
 3.43909651e-04 7.22231035e-01 7.47707121e-03 8.20013859e-05 2.28552548e-01 4.13134324e-02 1.50034775e-09 
 3.44097666e-04 7.22186121e-01 7.48355259e-03 8.21445237e-05 2.28539346e-01 4.13647370e-02 1.50296668e-09 
