T, h at the stagnation point
0.35000000E+03 0.38919185E+07
0.40137831E+03 0.39488987E+07
0.45274369E+03 0.40059100E+07
0.50408321E+03 0.40630483E+07
0.55538393E+03 0.41203968E+07
0.60663295E+03 0.41780196E+07
0.65781736E+03 0.42359601E+07
0.70892429E+03 0.42942412E+07
0.75994085E+03 0.43528679E+07
0.81085422E+03 0.44118310E+07
0.86165156E+03 0.44711103E+07
0.91232010E+03 0.45306774E+07
0.96284708E+03 0.45904988E+07
0.10132198E+04 0.46505373E+07
0.10634255E+04 0.47107539E+07
0.11134517E+04 0.47711089E+07
0.11632856E+04 0.48315622E+07
0.12129148E+04 0.48920747E+07
0.12623268E+04 0.49526078E+07
0.13115091E+04 0.50131245E+07
0.13604493E+04 0.50735885E+07
0.14091352E+04 0.51339652E+07
0.14575544E+04 0.51942213E+07
0.15056948E+04 0.52543246E+07
0.15535443E+04 0.53142443E+07
0.16010908E+04 0.53739510E+07
0.16483223E+04 0.54334160E+07
0.16952270E+04 0.54926121E+07
0.17417930E+04 0.55515129E+07
0.17880087E+04 0.56100930E+07
0.18338623E+04 0.56683279E+07
0.18793424E+04 0.57261940E+07
0.19244375E+04 0.57836682E+07
0.19691362E+04 0.58407286E+07
0.20134273E+04 0.58973536E+07
0.20572997E+04 0.59535224E+07
0.21007422E+04 0.60092147E+07
0.21437441E+04 0.60644110E+07
0.21862943E+04 0.61190919E+07
0.22283823E+04 0.61732390E+07
0.22699974E+04 0.62268341E+07
0.23111291E+04 0.62798594E+07
0.23517672E+04 0.63322977E+07
0.23919013E+04 0.63841321E+07
0.24315214E+04 0.64353462E+07
0.24706175E+04 0.64859239E+07
0.25091797E+04 0.65358495E+07
0.25471983E+04 0.65851075E+07
0.25846638E+04 0.66336829E+07
0.26215668E+04 0.66815610E+07
0.26578979E+04 0.67287275E+07
0.26936480E+04 0.67751682E+07
0.27288081E+04 0.68208693E+07
0.27633693E+04 0.68658173E+07
0.27973230E+04 0.69099992E+07
0.28306606E+04 0.69534019E+07
0.28633737E+04 0.69960128E+07
0.28954541E+04 0.70378195E+07
0.29268936E+04 0.70788101E+07
0.29576845E+04 0.71189727E+07
0.29878188E+04 0.71582959E+07
0.30172892E+04 0.71967682E+07
0.30460880E+04 0.72343789E+07
0.30742081E+04 0.72711171E+07
0.31016424E+04 0.73069725E+07
0.31283840E+04 0.73419349E+07
0.31544262E+04 0.73759943E+07
0.31797623E+04 0.74091412E+07
0.32043861E+04 0.74413663E+07
0.32282913E+04 0.74726604E+07
0.32514719E+04 0.75030147E+07
0.32739221E+04 0.75324207E+07
0.32956362E+04 0.75608702E+07
0.33166087E+04 0.75883551E+07
0.33368345E+04 0.76148678E+07
0.33563083E+04 0.76404008E+07
0.33750252E+04 0.76649470E+07
0.33929807E+04 0.76884996E+07
0.34101701E+04 0.77110518E+07
0.34265891E+04 0.77325975E+07
0.34422336E+04 0.77531306E+07
0.34570996E+04 0.77726454E+07
0.34711835E+04 0.77911365E+07
0.34844816E+04 0.78085986E+07
0.34969906E+04 0.78250269E+07
0.35087074E+04 0.78404168E+07
0.35196290E+04 0.78547641E+07
0.35297526E+04 0.78680647E+07
0.35390758E+04 0.78803149E+07
0.35475961E+04 0.78915114E+07
0.35553115E+04 0.79016509E+07
0.35622199E+04 0.79107307E+07
0.35683197E+04 0.79187483E+07
0.35736093E+04 0.79257014E+07
0.35780873E+04 0.79315880E+07
0.35817527E+04 0.79364066E+07
0.35846046E+04 0.79401558E+07
0.35866421E+04 0.79428345E+07
0.35878648E+04 0.79444421E+07
0.35882724E+04 0.79449780E+07
Species at the stagnation point
  4.770851007140897E-003  0.759749639776722       1.270255163344915E-002
  3.455553799723156E-006  0.221371754934453       1.401747031211138E-003
  6.322493581431024E-011
  4.770851007140897E-003  0.759749639776722       1.270255163344915E-002
  3.455553799723156E-006  0.221371754934453       1.401747031211138E-003
  6.322493581431024E-011
  4.770851007140897E-003  0.759749639776722       1.270255163344915E-002
  3.455553799723156E-006  0.221371754934453       1.401747031211138E-003
  6.322493581431024E-011
  4.770851007140897E-003  0.759749639776722       1.270255163344915E-002
  3.455553799723156E-006  0.221371754934453       1.401747031211138E-003
  6.322493581431024E-011
  4.770851007140897E-003  0.759749639776722       1.270255163344915E-002
  3.455553799723156E-006  0.221371754934453       1.401747031211138E-003
  6.322493581431024E-011
  4.770851007140897E-003  0.759749639776722       1.270255163344915E-002
  3.455553799723156E-006  0.221371754934453       1.401747031211138E-003
  6.322493581431024E-011
  4.770851007140897E-003  0.759749639776722       1.270255163344915E-002
  3.455553799723156E-006  0.221371754934453       1.401747031211138E-003
  6.322493581431024E-011
  4.770851007140897E-003  0.759749639776722       1.270255163344915E-002
  3.455553799723156E-006  0.221371754934453       1.401747031211138E-003
  6.322493581431024E-011
  4.770851007140897E-003  0.759749639776722       1.270255163344915E-002
  3.455553799723156E-006  0.221371754934453       1.401747031211138E-003
  6.322493581431024E-011
  4.770851007140897E-003  0.759749639776722       1.270255163344915E-002
  3.455553799723156E-006  0.221371754934453       1.401747031211138E-003
  6.322493581431024E-011
  4.770851007140897E-003  0.759749639776722       1.270255163344915E-002
  3.455553799723156E-006  0.221371754934453       1.401747031211138E-003
  6.322493581431024E-011
  4.770851007140897E-003  0.759749639776722       1.270255163344915E-002
  3.455553799723156E-006  0.221371754934453       1.401747031211138E-003
  6.322493581431024E-011
  4.770851007140897E-003  0.759749639776722       1.270255163344915E-002
  3.455553799723156E-006  0.221371754934453       1.401747031211138E-003
  6.322493581431024E-011
  4.770851007140897E-003  0.759749639776722       1.270255163344915E-002
  3.455553799723156E-006  0.221371754934453       1.401747031211138E-003
  6.322493581431024E-011
  4.770851007140897E-003  0.759749639776722       1.270255163344915E-002
  3.455553799723156E-006  0.221371754934453       1.401747031211138E-003
  6.322493581431024E-011
  4.770851007140897E-003  0.759749639776722       1.270255163344915E-002
  3.455553799723156E-006  0.221371754934453       1.401747031211138E-003
  6.322493581431024E-011
  4.770851007140897E-003  0.759749639776722       1.270255163344915E-002
  3.455553799723156E-006  0.221371754934453       1.401747031211138E-003
  6.322493581431024E-011
  4.770851007140897E-003  0.759749639776722       1.270255163344915E-002
  3.455553799723156E-006  0.221371754934453       1.401747031211138E-003
  6.322493581431024E-011
  4.770851007140897E-003  0.759749639776722       1.270255163344915E-002
  3.455553799723156E-006  0.221371754934453       1.401747031211138E-003
  6.322493581431024E-011
  4.770851007140897E-003  0.759749639776722       1.270255163344915E-002
  3.455553799723156E-006  0.221371754934453       1.401747031211138E-003
  6.322493581431024E-011
  4.770851007140897E-003  0.759749639776722       1.270255163344915E-002
  3.455553799723156E-006  0.221371754934453       1.401747031211138E-003
  6.322493581431024E-011
  4.770851007140897E-003  0.759749639776722       1.270255163344915E-002
  3.455553799723156E-006  0.221371754934453       1.401747031211138E-003
  6.322493581431024E-011
  4.770851007140897E-003  0.759749639776722       1.270255163344915E-002
  3.455553799723156E-006  0.221371754934453       1.401747031211138E-003
  6.322493581431024E-011
  4.770851007140897E-003  0.759749639776722       1.270255163344915E-002
  3.455553799723156E-006  0.221371754934453       1.401747031211138E-003
  6.322493581431024E-011
  4.770851007140897E-003  0.759749639776722       1.270255163344915E-002
  3.455553799723156E-006  0.221371754934453       1.401747031211138E-003
  6.322493581431024E-011
  4.770851007140897E-003  0.759749639776722       1.270255163344915E-002
  3.455553799723156E-006  0.221371754934453       1.401747031211138E-003
  6.322493581431024E-011
  4.770851007140897E-003  0.759749639776722       1.270255163344915E-002
  3.455553799723156E-006  0.221371754934453       1.401747031211138E-003
  6.322493581431024E-011
  4.770851007140897E-003  0.759749639776722       1.270255163344915E-002
  3.455553799723156E-006  0.221371754934453       1.401747031211138E-003
  6.322493581431024E-011
  4.770851007140897E-003  0.759749639776722       1.270255163344915E-002
  3.455553799723156E-006  0.221371754934453       1.401747031211138E-003
  6.322493581431024E-011
  4.770851007140897E-003  0.759749639776722       1.270255163344915E-002
  3.455553799723156E-006  0.221371754934453       1.401747031211138E-003
  6.322493581431024E-011
  4.770851007140897E-003  0.759749639776722       1.270255163344915E-002
  3.455553799723156E-006  0.221371754934453       1.401747031211138E-003
  6.322493581431024E-011
  4.770851007140897E-003  0.759749639776722       1.270255163344915E-002
  3.455553799723156E-006  0.221371754934453       1.401747031211138E-003
  6.322493581431024E-011
  4.770851007140897E-003  0.759749639776722       1.270255163344915E-002
  3.455553799723156E-006  0.221371754934453       1.401747031211138E-003
  6.322493581431024E-011
  4.770851007140897E-003  0.759749639776722       1.270255163344915E-002
  3.455553799723156E-006  0.221371754934453       1.401747031211138E-003
  6.322493581431024E-011
  4.770851007140897E-003  0.759749639776722       1.270255163344915E-002
  3.455553799723156E-006  0.221371754934453       1.401747031211138E-003
  6.322493581431024E-011
  4.770851007140897E-003  0.759749639776722       1.270255163344915E-002
  3.455553799723156E-006  0.221371754934453       1.401747031211138E-003
  6.322493581431024E-011
  4.770851007140897E-003  0.759749639776722       1.270255163344915E-002
  3.455553799723156E-006  0.221371754934453       1.401747031211138E-003
  6.322493581431024E-011
  4.770851007140897E-003  0.759749639776722       1.270255163344915E-002
  3.455553799723156E-006  0.221371754934453       1.401747031211138E-003
  6.322493581431024E-011
  4.770851007140897E-003  0.759749639776722       1.270255163344915E-002
  3.455553799723156E-006  0.221371754934453       1.401747031211138E-003
  6.322493581431024E-011
  4.770851007140897E-003  0.759749639776722       1.270255163344915E-002
  3.455553799723156E-006  0.221371754934453       1.401747031211138E-003
  6.322493581431024E-011
  4.770851007140897E-003  0.759749639776722       1.270255163344915E-002
  3.455553799723156E-006  0.221371754934453       1.401747031211138E-003
  6.322493581431024E-011
  4.770851007140897E-003  0.759749639776722       1.270255163344915E-002
  3.455553799723156E-006  0.221371754934453       1.401747031211138E-003
  6.322493581431024E-011
  4.770851007140897E-003  0.759749639776722       1.270255163344915E-002
  3.455553799723156E-006  0.221371754934453       1.401747031211138E-003
  6.322493581431024E-011
  4.770851007140897E-003  0.759749639776722       1.270255163344915E-002
  3.455553799723156E-006  0.221371754934453       1.401747031211138E-003
  6.322493581431024E-011
  4.770851007140897E-003  0.759749639776722       1.270255163344915E-002
  3.455553799723156E-006  0.221371754934453       1.401747031211138E-003
  6.322493581431024E-011
  4.770851007140897E-003  0.759749639776722       1.270255163344915E-002
  3.455553799723156E-006  0.221371754934453       1.401747031211138E-003
  6.322493581431024E-011
  4.770851007140897E-003  0.759749639776722       1.270255163344915E-002
  3.455553799723156E-006  0.221371754934453       1.401747031211138E-003
  6.322493581431024E-011
  4.770851007140897E-003  0.759749639776722       1.270255163344915E-002
  3.455553799723156E-006  0.221371754934453       1.401747031211138E-003
  6.322493581431024E-011
  4.770851007140897E-003  0.759749639776722       1.270255163344915E-002
  3.455553799723156E-006  0.221371754934453       1.401747031211138E-003
  6.322493581431024E-011
  4.770851007140897E-003  0.759749639776722       1.270255163344915E-002
  3.455553799723156E-006  0.221371754934453       1.401747031211138E-003
  6.322493581431024E-011
  4.770851007140897E-003  0.759749639776722       1.270255163344915E-002
  3.455553799723156E-006  0.221371754934453       1.401747031211138E-003
  6.322493581431024E-011
  4.770851007140897E-003  0.759749639776722       1.270255163344915E-002
  3.455553799723156E-006  0.221371754934453       1.401747031211138E-003
  6.322493581431024E-011
  4.770851007140897E-003  0.759749639776722       1.270255163344915E-002
  3.455553799723156E-006  0.221371754934453       1.401747031211138E-003
  6.322493581431024E-011
  4.770851007140897E-003  0.759749639776722       1.270255163344915E-002
  3.455553799723156E-006  0.221371754934453       1.401747031211138E-003
  6.322493581431024E-011
  4.770851007140897E-003  0.759749639776722       1.270255163344915E-002
  3.455553799723156E-006  0.221371754934453       1.401747031211138E-003
  6.322493581431024E-011
  4.770851007140897E-003  0.759749639776722       1.270255163344915E-002
  3.455553799723156E-006  0.221371754934453       1.401747031211138E-003
  6.322493581431024E-011
  4.770851007140897E-003  0.759749639776722       1.270255163344915E-002
  3.455553799723156E-006  0.221371754934453       1.401747031211138E-003
  6.322493581431024E-011
  4.770851007140897E-003  0.759749639776722       1.270255163344915E-002
  3.455553799723156E-006  0.221371754934453       1.401747031211138E-003
  6.322493581431024E-011
  4.770851007140897E-003  0.759749639776722       1.270255163344915E-002
  3.455553799723156E-006  0.221371754934453       1.401747031211138E-003
  6.322493581431024E-011
  4.770851007140897E-003  0.759749639776722       1.270255163344915E-002
  3.455553799723156E-006  0.221371754934453       1.401747031211138E-003
  6.322493581431024E-011
  4.770851007140897E-003  0.759749639776722       1.270255163344915E-002
  3.455553799723156E-006  0.221371754934453       1.401747031211138E-003
  6.322493581431024E-011
  4.770851007140897E-003  0.759749639776722       1.270255163344915E-002
  3.455553799723156E-006  0.221371754934453       1.401747031211138E-003
  6.322493581431024E-011
  4.770851007140897E-003  0.759749639776722       1.270255163344915E-002
  3.455553799723156E-006  0.221371754934453       1.401747031211138E-003
  6.322493581431024E-011
  4.770851007140897E-003  0.759749639776722       1.270255163344915E-002
  3.455553799723156E-006  0.221371754934453       1.401747031211138E-003
  6.322493581431024E-011
  4.770851007140897E-003  0.759749639776722       1.270255163344915E-002
  3.455553799723156E-006  0.221371754934453       1.401747031211138E-003
  6.322493581431024E-011
  4.770851007140897E-003  0.759749639776722       1.270255163344915E-002
  3.455553799723156E-006  0.221371754934453       1.401747031211138E-003
  6.322493581431024E-011
  4.770851007140897E-003  0.759749639776722       1.270255163344915E-002
  3.455553799723156E-006  0.221371754934453       1.401747031211138E-003
  6.322493581431024E-011
  4.770851007140897E-003  0.759749639776722       1.270255163344915E-002
  3.455553799723156E-006  0.221371754934453       1.401747031211138E-003
  6.322493581431024E-011
  4.770851007140897E-003  0.759749639776722       1.270255163344915E-002
  3.455553799723156E-006  0.221371754934453       1.401747031211138E-003
  6.322493581431024E-011
  4.770851007140897E-003  0.759749639776722       1.270255163344915E-002
  3.455553799723156E-006  0.221371754934453       1.401747031211138E-003
  6.322493581431024E-011
  4.770851007140897E-003  0.759749639776722       1.270255163344915E-002
  3.455553799723156E-006  0.221371754934453       1.401747031211138E-003
  6.322493581431024E-011
  4.770851007140897E-003  0.759749639776722       1.270255163344915E-002
  3.455553799723156E-006  0.221371754934453       1.401747031211138E-003
  6.322493581431024E-011
  4.770851007140897E-003  0.759749639776722       1.270255163344915E-002
  3.455553799723156E-006  0.221371754934453       1.401747031211138E-003
  6.322493581431024E-011
  4.770851007140897E-003  0.759749639776722       1.270255163344915E-002
  3.455553799723156E-006  0.221371754934453       1.401747031211138E-003
  6.322493581431024E-011
  4.770851007140897E-003  0.759749639776722       1.270255163344915E-002
  3.455553799723156E-006  0.221371754934453       1.401747031211138E-003
  6.322493581431024E-011
  4.770851007140897E-003  0.759749639776722       1.270255163344915E-002
  3.455553799723156E-006  0.221371754934453       1.401747031211138E-003
  6.322493581431024E-011
  4.770851007140897E-003  0.759749639776722       1.270255163344915E-002
  3.455553799723156E-006  0.221371754934453       1.401747031211138E-003
  6.322493581431024E-011
  4.770851007140897E-003  0.759749639776722       1.270255163344915E-002
  3.455553799723156E-006  0.221371754934453       1.401747031211138E-003
  6.322493581431024E-011
  4.770851007140897E-003  0.759749639776722       1.270255163344915E-002
  3.455553799723156E-006  0.221371754934453       1.401747031211138E-003
  6.322493581431024E-011
  4.770851007140897E-003  0.759749639776722       1.270255163344915E-002
  3.455553799723156E-006  0.221371754934453       1.401747031211138E-003
  6.322493581431024E-011
  4.770851007140897E-003  0.759749639776722       1.270255163344915E-002
  3.455553799723156E-006  0.221371754934453       1.401747031211138E-003
  6.322493581431024E-011
  4.770851007140897E-003  0.759749639776722       1.270255163344915E-002
  3.455553799723156E-006  0.221371754934453       1.401747031211138E-003
  6.322493581431024E-011
  4.770851007140897E-003  0.759749639776722       1.270255163344915E-002
  3.455553799723156E-006  0.221371754934453       1.401747031211138E-003
  6.322493581431024E-011
  4.770851007140897E-003  0.759749639776722       1.270255163344915E-002
  3.455553799723156E-006  0.221371754934453       1.401747031211138E-003
  6.322493581431024E-011
  4.770851007140897E-003  0.759749639776722       1.270255163344915E-002
  3.455553799723156E-006  0.221371754934453       1.401747031211138E-003
  6.322493581431024E-011
  4.770851007140897E-003  0.759749639776722       1.270255163344915E-002
  3.455553799723156E-006  0.221371754934453       1.401747031211138E-003
  6.322493581431024E-011
  4.770851007140897E-003  0.759749639776722       1.270255163344915E-002
  3.455553799723156E-006  0.221371754934453       1.401747031211138E-003
  6.322493581431024E-011
  4.770851007140897E-003  0.759749639776722       1.270255163344915E-002
  3.455553799723156E-006  0.221371754934453       1.401747031211138E-003
  6.322493581431024E-011
  4.770851007140897E-003  0.759749639776722       1.270255163344915E-002
  3.455553799723156E-006  0.221371754934453       1.401747031211138E-003
  6.322493581431024E-011
  4.770851007140897E-003  0.759749639776722       1.270255163344915E-002
  3.455553799723156E-006  0.221371754934453       1.401747031211138E-003
  6.322493581431024E-011
  4.770851007140897E-003  0.759749639776722       1.270255163344915E-002
  3.455553799723156E-006  0.221371754934453       1.401747031211138E-003
  6.322493581431024E-011
  4.770851007140897E-003  0.759749639776722       1.270255163344915E-002
  3.455553799723156E-006  0.221371754934453       1.401747031211138E-003
  6.322493581431024E-011
  4.770851007140897E-003  0.759749639776722       1.270255163344915E-002
  3.455553799723156E-006  0.221371754934453       1.401747031211138E-003
  6.322493581431024E-011
  4.770851007140897E-003  0.759749639776722       1.270255163344915E-002
  3.455553799723156E-006  0.221371754934453       1.401747031211138E-003
  6.322493581431024E-011
  4.770851007140897E-003  0.759749639776722       1.270255163344915E-002
  3.455553799723156E-006  0.221371754934453       1.401747031211138E-003
  6.322493581431024E-011
  4.770851007140897E-003  0.759749639776722       1.270255163344915E-002
  3.455553799723156E-006  0.221371754934453       1.401747031211138E-003
  6.322493581431024E-011
  4.770851007140897E-003  0.759749639776722       1.270255163344915E-002
  3.455553799723156E-006  0.221371754934453       1.401747031211138E-003
  6.322493581431024E-011
  4.770851007140897E-003  0.759749639776722       1.270255163344915E-002
  3.455553799723156E-006  0.221371754934453       1.401747031211138E-003
  6.322493581431024E-011
  4.770851007140897E-003  0.759749639776722       1.270255163344915E-002
  3.455553799723156E-006  0.221371754934453       1.401747031211138E-003
  6.322493581431024E-011
  4.770851007140897E-003  0.759749639776722       1.270255163344915E-002
  3.455553799723156E-006  0.221371754934453       1.401747031211138E-003
  6.322493581431024E-011
