 T, h at the stagnation point 
 7.62500000e+02 6.81130325e+06 
 8.35101497e+02 6.90000837e+06 
 9.07940812e+02 6.99065364e+06 
 9.81040572e+02 7.08306818e+06 
 1.05448205e+03 7.17720531e+06 
 1.12831110e+03 7.27301103e+06 
 1.20255617e+03 7.37041239e+06 
 1.27723675e+03 7.46932154e+06 
 1.35232044e+03 7.56961840e+06 
 1.42783416e+03 7.67125508e+06 
 1.50378335e+03 7.77418901e+06 
 1.58015602e+03 7.87833727e+06 
 1.65693999e+03 7.98363111e+06 
 1.73412041e+03 8.09000488e+06 
 1.81167630e+03 8.19738450e+06 
 1.88956057e+03 8.30565643e+06 
 1.96772269e+03 8.41471839e+06 
 2.04614701e+03 8.52452193e+06 
 2.12479829e+03 8.63499664e+06 
 2.20363174e+03 8.74604957e+06 
 2.28259860e+03 8.85758033e+06 
 2.36168293e+03 8.96960175e+06 
 2.44085133e+03 9.08194315e+06 
 2.51980998e+03 9.19421299e+06 
 2.59875454e+03 9.30674482e+06 
 2.67768387e+03 9.41942786e+06 
 2.75605640e+03 9.53152016e+06 
 2.83415222e+03 9.64333288e+06 
 2.91192300e+03 9.75498400e+06 
 2.98920679e+03 9.86612006e+06 
 3.06589506e+03 9.97654993e+06 
 3.14217674e+03 1.00869178e+07 
 3.21810624e+03 1.01966707e+07 
 3.29226795e+03 1.03040696e+07 
 3.36571529e+03 1.04103631e+07 
 3.43844168e+03 1.05161518e+07 
 3.51007685e+03 1.06205125e+07 
 3.58059167e+03 1.07234512e+07 
 3.64990706e+03 1.08248520e+07 
 3.71795303e+03 1.09246128e+07 
 3.78466227e+03 1.10226337e+07 
 3.84997155e+03 1.11188199e+07 
 3.91382196e+03 1.12130820e+07 
 3.97615927e+03 1.13053361e+07 
 4.03693418e+03 1.13955048e+07 
 4.09610257e+03 1.14835172e+07 
 4.15362562e+03 1.15693089e+07 
 4.20946999e+03 1.16528229e+07 
 4.26360784e+03 1.17340092e+07 
 4.31601689e+03 1.18128250e+07 
 4.36668040e+03 1.18892353e+07 
 4.41558709e+03 1.19632121e+07 
 4.46273105e+03 1.20347352e+07 
 4.50811160e+03 1.21037913e+07 
 4.55173312e+03 1.21703745e+07 
 4.59360484e+03 1.22344858e+07 
 4.63374065e+03 1.22961331e+07 
 4.67215880e+03 1.23553307e+07 
 4.70888167e+03 1.24120990e+07 
 4.74393547e+03 1.24664645e+07 
 4.77734997e+03 1.25184591e+07 
 4.80915816e+03 1.25681199e+07 
 4.83939599e+03 1.26154888e+07 
 4.86810202e+03 1.26606119e+07 
 4.89531713e+03 1.27035395e+07 
 4.92108423e+03 1.27443252e+07 
 4.94544791e+03 1.27830261e+07 
 4.96845419e+03 1.28197015e+07 
 4.99015022e+03 1.28544135e+07 
 5.01058400e+03 1.28872256e+07 
 5.02980412e+03 1.29182033e+07 
 5.04785952e+03 1.29474129e+07 
 5.06479925e+03 1.29749217e+07 
 5.08067224e+03 1.30007973e+07 
 5.09552711e+03 1.30251074e+07 
 5.10941198e+03 1.30479197e+07 
 5.12237430e+03 1.30693014e+07 
 5.13446070e+03 1.30893189e+07 
 5.14571684e+03 1.31080378e+07 
 5.15618729e+03 1.31255225e+07 
 5.16591545e+03 1.31418360e+07 
 5.17494344e+03 1.31570401e+07 
 5.18331201e+03 1.31711946e+07 
 5.19106050e+03 1.31843578e+07 
 5.19822681e+03 1.31965861e+07 
 5.20484731e+03 1.32079340e+07 
 5.21095688e+03 1.32184539e+07 
 5.21658885e+03 1.32281963e+07 
 5.22177501e+03 1.32372096e+07 
 5.22654564e+03 1.32455400e+07 
 5.23092949e+03 1.32532317e+07 
 5.23495381e+03 1.32603269e+07 
 5.23864439e+03 1.32668655e+07 
 5.24202560e+03 1.32728856e+07 
 5.24512040e+03 1.32784233e+07 
 5.24795041e+03 1.32835124e+07 
 5.25053593e+03 1.32881853e+07 
 5.25289604e+03 1.32924721e+07 
 5.25504866e+03 1.32964017e+07 
 5.25701011e+03 1.33000000e+07 
 Species at the stagnation point 
 2.71803542e-07 6.97782800e-01 2.77982444e-04 1.85278660e-07 2.32008593e-01 6.99301676e-02 3.38997221e-12 
 2.61309711e-08 6.97756187e-01 2.11291638e-04 -1.00662834e-07 2.32038555e-01 6.99940404e-02 -1.84178906e-12 
 4.09776930e-08 6.97688062e-01 1.66809906e-04 -9.66022965e-07 2.32061923e-01 7.00841302e-02 -1.76749498e-11 
 3.14171086e-08 6.97590502e-01 1.36461103e-04 2.71708661e-08 2.32079839e-01 7.01931394e-02 4.97134863e-13 
 2.68071786e-08 6.97469509e-01 1.15109312e-04 2.62962921e-07 2.32095675e-01 7.03194165e-02 4.81133120e-12 
 2.32228648e-08 6.97329343e-01 9.96409530e-05 2.40016065e-07 2.32110300e-01 7.04604530e-02 4.39148141e-12 
 2.05566048e-08 6.97173224e-01 8.81030415e-05 -2.60293965e-08 2.32124304e-01 7.06143745e-02 -4.76249833e-13 
 1.84939388e-08 6.97003932e-01 7.92456956e-05 -1.03203031e-06 2.32138150e-01 7.07796854e-02 -1.88826608e-11 
 1.68557628e-08 6.96823948e-01 7.22548108e-05 -4.84215408e-08 2.32150340e-01 7.09534888e-02 -8.85950266e-13 
 1.55201128e-08 6.96633933e-01 6.65914621e-05 2.37283365e-07 2.32162677e-01 7.11365451e-02 4.34148227e-12 
 1.44050430e-08 6.96434508e-01 6.18916965e-05 3.92569670e-07 2.32175098e-01 7.13280955e-02 7.18269591e-12 
 1.34539400e-08 6.96226811e-01 5.79042726e-05 3.83578767e-07 2.32187573e-01 7.15273148e-02 7.01819283e-12 
 1.26267677e-08 6.96011563e-01 5.44517848e-05 2.51215181e-07 2.32200112e-01 7.17336094e-02 4.59638733e-12 
 1.18943326e-08 6.95789290e-01 5.14050336e-05 -9.80581077e-08 2.32212820e-01 7.19465713e-02 -1.79413140e-12 
 1.12346242e-08 6.95560629e-01 4.86658112e-05 -7.65798206e-07 2.32225731e-01 7.21657288e-02 -1.40115146e-11 
 1.06289870e-08 6.95326813e-01 4.61543376e-05 -9.93959543e-07 2.32238184e-01 7.23898317e-02 -1.81860946e-11 
 1.00662447e-08 6.95088566e-01 4.38007237e-05 -8.66178244e-08 2.32249719e-01 7.26179902e-02 -1.58481294e-12 
 1.12358669e-08 6.94845574e-01 4.15592488e-05 4.07001354e-07 2.32261432e-01 7.28510164e-02 7.44674688e-12 
 1.39734467e-08 6.94598009e-01 3.95109887e-05 7.55483104e-07 2.32273208e-01 7.30885024e-02 1.38227831e-11 
 1.72592174e-08 6.94346374e-01 3.78081686e-05 1.06882937e-06 2.32284857e-01 7.33298746e-02 1.95559589e-11 
 2.12561193e-08 6.94091167e-01 3.65916553e-05 1.00371432e-06 2.32296431e-01 7.35747859e-02 1.83645741e-11 
 2.62396215e-08 6.93830668e-01 3.59953469e-05 9.87671188e-07 2.32308378e-01 7.38239446e-02 1.80710390e-11 
 3.26402645e-08 6.93567225e-01 3.61598075e-05 -3.69244420e-06 2.32322377e-01 7.40778985e-02 -6.75592282e-11 
 4.10872931e-08 6.93305895e-01 3.72439973e-05 1.94671128e-06 2.32328587e-01 7.43262870e-02 3.56182258e-11 
 5.25506393e-08 6.93037863e-01 3.94369918e-05 2.64831885e-06 2.32338383e-01 7.45816163e-02 4.84552691e-11 
 6.83923159e-08 6.92764992e-01 4.29560456e-05 -6.02529137e-06 2.32353397e-01 7.48446117e-02 -1.10242433e-10 
 9.04115233e-08 6.92498408e-01 4.80503836e-05 4.93835844e-06 2.32353970e-01 7.50945423e-02 9.03552407e-11 
 1.21155750e-07 6.92229097e-01 5.50124285e-05 6.40155374e-06 2.32358883e-01 7.53504845e-02 1.17126761e-10 
 1.63937429e-07 6.91953432e-01 6.41693969e-05 7.87526133e-06 2.32364280e-01 7.56100791e-02 1.44090621e-10 
 2.22967304e-07 6.91676011e-01 7.58787631e-05 9.34125216e-06 2.32368305e-01 7.58702403e-02 1.70913290e-10 
 3.03535783e-07 6.91397924e-01 9.05308048e-05 1.03874704e-05 2.32370586e-01 7.61302677e-02 1.90055542e-10 
 4.12327854e-07 6.91104575e-01 1.08552874e-04 1.16835512e-05 2.32376027e-01 7.63987490e-02 2.13769433e-10 
 5.57291837e-07 6.90807277e-01 1.30360040e-04 -1.62216509e-05 2.32395874e-01 7.66821537e-02 -2.96801293e-10 
 7.46541068e-07 6.90533824e-01 1.56356775e-04 1.57631478e-05 2.32371974e-01 7.69213349e-02 2.88412239e-10 
 9.91301711e-07 6.90255672e-01 1.87014671e-04 1.83327239e-05 2.32362428e-01 7.71755603e-02 3.35426783e-10 
 1.30375940e-06 6.89961214e-01 2.22780080e-04 2.10082656e-05 2.32355614e-01 7.74380803e-02 3.84380138e-10 
 1.69659012e-06 6.89665577e-01 2.64037101e-04 2.34526773e-05 2.32345803e-01 7.76994334e-02 4.29104596e-10 
 2.18393832e-06 6.89366847e-01 3.11155608e-04 2.61097241e-05 2.32333283e-01 7.79604195e-02 4.77719556e-10 
 2.78066050e-06 6.89064961e-01 3.64462074e-04 2.89042894e-05 2.32317942e-01 7.82209495e-02 5.28850640e-10 
 3.50209094e-06 6.88759847e-01 4.24228609e-04 3.18344009e-05 2.32299664e-01 7.84809230e-02 5.82461761e-10 
 4.36366436e-06 6.88451520e-01 4.90664542e-04 3.48898644e-05 2.32278347e-01 7.87402139e-02 6.38366400e-10 
 5.38051334e-06 6.88140045e-01 5.63909352e-04 3.80607697e-05 2.32253914e-01 7.89986897e-02 6.96383231e-10 
 6.56703778e-06 6.87825547e-01 6.44027103e-04 4.13361251e-05 2.32226314e-01 7.92562076e-02 7.56311146e-10 
 7.93646754e-06 6.87508217e-01 7.31002722e-04 4.47042213e-05 2.32195526e-01 7.95126132e-02 8.17935905e-10 
 9.50043671e-06 6.87188310e-01 8.24740228e-04 4.81527602e-05 2.32161557e-01 7.97677395e-02 8.81032491e-10 
 1.12685880e-05 6.86866146e-01 9.25062918e-04 5.16690132e-05 2.32124445e-01 8.00214075e-02 9.45368016e-10 
 1.32482239e-05 6.86542111e-01 1.03171547e-03 5.52399750e-05 2.32084259e-01 8.02734254e-02 1.01070453e-09 
 1.54440200e-05 6.86216651e-01 1.14436781e-03 5.88525137e-05 2.32041094e-01 8.05235899e-02 1.07680176e-09 
 1.78578110e-05 6.85890264e-01 1.26262063e-03 6.24935139e-05 2.31995075e-01 8.07716873e-02 1.14341973e-09 
 2.04884580e-05 6.85563501e-01 1.38601225e-03 6.61500125e-05 2.31946352e-01 8.10174948e-02 1.21032128e-09 
 2.33318008e-05 6.85236952e-01 1.51402664e-03 6.98093235e-05 2.31895096e-01 8.12607821e-02 1.27727428e-09 
 2.63806953e-05 6.84911241e-01 1.64610232e-03 7.34591519e-05 2.31841502e-01 8.15013139e-02 1.34405379e-09 
 2.96251319e-05 6.84587013e-01 1.78164181e-03 7.70876951e-05 2.31785779e-01 8.17388517e-02 1.41044384e-09 
 3.30524293e-05 6.84264933e-01 1.92002145e-03 8.06837313e-05 2.31728152e-01 8.19731564e-02 1.47623913e-09 
 3.66474925e-05 6.83945668e-01 2.06060115e-03 8.42366944e-05 2.31668855e-01 8.22039903e-02 1.54124633e-09 
 4.03931247e-05 6.83629883e-01 2.20273408e-03 8.77367360e-05 2.31608132e-01 8.24311197e-02 1.60528524e-09 
 4.42703800e-05 6.83318231e-01 2.34577582e-03 9.11747734e-05 2.31546229e-01 8.26543172e-02 1.66818968e-09 
 4.82589431e-05 6.83011345e-01 2.48909298e-03 9.45425261e-05 2.31483395e-01 8.28733636e-02 1.72980816e-09 
 5.23375231e-05 6.82709831e-01 2.63207109e-03 9.78325390e-05 2.31419876e-01 8.30880499e-02 1.79000425e-09 
 5.64842488e-05 6.82414261e-01 2.77412151e-03 1.01038195e-04 2.31355913e-01 8.32981795e-02 1.84865690e-09 
 6.06770535e-05 6.82125168e-01 2.91468752e-03 1.04153715e-04 2.31291742e-01 8.35035691e-02 1.90566037e-09 
 6.48940400e-05 6.81843041e-01 3.05324938e-03 1.07174154e-04 2.31227588e-01 8.37040508e-02 1.96092417e-09 
 6.91138158e-05 6.81568321e-01 3.18932833e-03 1.10095379e-04 2.31163667e-01 8.38994726e-02 2.01437271e-09 
 7.33157949e-05 6.81301398e-01 3.32248965e-03 1.12914052e-04 2.31100181e-01 8.40896996e-02 2.06594488e-09 
 7.74804576e-05 6.81042611e-01 3.45234476e-03 1.15627592e-04 2.31037320e-01 8.42746145e-02 2.11559348e-09 
 8.15895696e-05 6.80792246e-01 3.57855238e-03 1.18234145e-04 2.30975257e-01 8.44541183e-02 2.16328458e-09 
 8.56263556e-05 6.80550535e-01 3.70081885e-03 1.20732540e-04 2.30914155e-01 8.46281301e-02 2.20899674e-09 
 8.95756300e-05 6.80317659e-01 3.81889777e-03 1.23122246e-04 2.30854155e-01 8.47965875e-02 2.25272028e-09 
 9.34238855e-05 6.80093747e-01 3.93258885e-03 1.25403327e-04 2.30795388e-01 8.49594462e-02 2.29445634e-09 
 9.71593421e-05 6.79878878e-01 4.04173632e-03 1.27576391e-04 2.30737968e-01 8.51166797e-02 2.33421605e-09 
 1.00771960e-04 6.79673086e-01 4.14622678e-03 1.29642543e-04 2.30681992e-01 8.52682789e-02 2.37201963e-09 
 1.04253420e-04 6.79476359e-01 4.24598665e-03 1.31603332e-04 2.30627544e-01 8.54142516e-02 2.40789544e-09 
 1.07597077e-04 6.79288645e-01 4.34097943e-03 1.33460708e-04 2.30574694e-01 8.55546215e-02 2.44187914e-09 
 1.10797889e-04 6.79109854e-01 4.43120264e-03 1.35216968e-04 2.30523498e-01 8.56894274e-02 2.47401273e-09 
 1.13852329e-04 6.78939863e-01 4.51668467e-03 1.36874709e-04 2.30474000e-01 8.58187226e-02 2.50434378e-09 
 1.16758278e-04 6.78778515e-01 4.59748157e-03 1.38436788e-04 2.30426232e-01 8.59425739e-02 2.53292454e-09 
 1.19514916e-04 6.78625627e-01 4.67367384e-03 1.39906274e-04 2.30380215e-01 8.60610602e-02 2.55981117e-09 
 1.22122594e-04 6.78480995e-01 4.74536326e-03 1.41286411e-04 2.30335958e-01 8.61742722e-02 2.58506300e-09 
 1.24582713e-04 6.78344389e-01 4.81266978e-03 1.42580576e-04 2.30293465e-01 8.62823107e-02 2.60874185e-09 
 1.26897597e-04 6.78215566e-01 4.87572863e-03 1.43792248e-04 2.30252727e-01 8.63852857e-02 2.63091134e-09 
 1.29070371e-04 6.78094268e-01 4.93468746e-03 1.44924972e-04 2.30213731e-01 8.64833158e-02 2.65163634e-09 
 1.31104837e-04 6.77980224e-01 4.98970380e-03 1.45982331e-04 2.30176455e-01 8.65765266e-02 2.67098243e-09 
 1.33005363e-04 6.77873157e-01 5.04094257e-03 1.46967918e-04 2.30140874e-01 8.66650499e-02 2.68901534e-09 
 1.34776774e-04 6.77772783e-01 5.08857390e-03 1.47885316e-04 2.30106955e-01 8.67490229e-02 2.70580061e-09 
 1.36424248e-04 6.77678814e-01 5.13277111e-03 1.48738069e-04 2.30074663e-01 8.68285871e-02 2.72140311e-09 
 1.37953229e-04 6.77590961e-01 5.17370888e-03 1.49529672e-04 2.30043957e-01 8.69038873e-02 2.73588676e-09 
 1.39369341e-04 6.77508937e-01 5.21156164e-03 1.50263547e-04 2.30014795e-01 8.69750710e-02 2.74931420e-09 
 1.40678310e-04 6.77432455e-01 5.24650216e-03 1.50943036e-04 2.29987132e-01 8.70422872e-02 2.76174655e-09 
 1.41885898e-04 6.77361233e-01 5.27870026e-03 1.51571385e-04 2.29960920e-01 8.71056861e-02 2.77324320e-09 
 1.42997845e-04 6.77294996e-01 5.30832176e-03 1.52151734e-04 2.29936112e-01 8.71654178e-02 2.78386163e-09 
 1.44019817e-04 6.77233472e-01 5.33552754e-03 1.52687114e-04 2.29912658e-01 8.72216323e-02 2.79365727e-09 
 1.44957360e-04 6.77176400e-01 5.36047272e-03 1.53180437e-04 2.29890509e-01 8.72744783e-02 2.80268341e-09 
 1.45815860e-04 6.77123525e-01 5.38330598e-03 1.53634493e-04 2.29869614e-01 8.73241027e-02 2.81099110e-09 
 1.46600513e-04 6.77074602e-01 5.40416897e-03 1.54051948e-04 2.29849924e-01 8.73706503e-02 2.81862911e-09 
 1.47316297e-04 6.77029397e-01 5.42319581e-03 1.54435342e-04 2.29831390e-01 8.74142633e-02 2.82564391e-09 
 1.47967944e-04 6.76987685e-01 5.44051257e-03 1.54787090e-04 2.29813964e-01 8.74550803e-02 2.83207972e-09 
 1.48559911e-04 6.76949253e-01 5.45623691e-03 1.55109458e-04 2.29797601e-01 8.74932363e-02 2.83797796e-09 
 1.49096514e-04 6.76913900e-01 5.47047756e-03 1.55404759e-04 2.29782255e-01 8.75288633e-02 2.84338097e-09 
 1.49580414e-04 6.76881432e-01 5.48333530e-03 1.55673626e-04 2.29767887e-01 8.75620896e-02 2.84830032e-09 
 1.50026923e-04 6.76851686e-01 5.49488795e-03 1.55932576e-04 2.29754438e-01 8.75930265e-02 2.85303823e-09 
