T, h at the stagnation point
0.35000000E+03 0.20071117E+07
0.38922887E+03 0.20486189E+07
0.42844786E+03 0.20902098E+07
0.46764710E+03 0.21319226E+07
0.50681673E+03 0.21737913E+07
0.54594688E+03 0.22158440E+07
0.58502770E+03 0.22581015E+07
0.62404935E+03 0.23005767E+07
0.66300201E+03 0.23432750E+07
0.70187588E+03 0.23861947E+07
0.74066116E+03 0.24293286E+07
0.77934810E+03 0.24726642E+07
0.81792694E+03 0.25161853E+07
0.85638800E+03 0.25598725E+07
0.89472157E+03 0.26037044E+07
0.93291801E+03 0.26476577E+07
0.97096770E+03 0.26917083E+07
0.10088611E+04 0.27358315E+07
0.10465886E+04 0.27800021E+07
0.10841407E+04 0.28241952E+07
0.11215080E+04 0.28683859E+07
0.11586811E+04 0.29125498E+07
0.11956507E+04 0.29566629E+07
0.12324073E+04 0.30007017E+07
0.12689418E+04 0.30446434E+07
0.13052449E+04 0.30884655E+07
0.13413076E+04 0.31321466E+07
0.13771207E+04 0.31756654E+07
0.14126753E+04 0.32190016E+07
0.14479623E+04 0.32621352E+07
0.14829729E+04 0.33050469E+07
0.15176983E+04 0.33477181E+07
0.15521298E+04 0.33901305E+07
0.15862586E+04 0.34322663E+07
0.16200762E+04 0.34741083E+07
0.16535740E+04 0.35156399E+07
0.16867437E+04 0.35568446E+07
0.17195769E+04 0.35977065E+07
0.17520652E+04 0.36382102E+07
0.17842006E+04 0.36783406E+07
0.18159750E+04 0.37180828E+07
0.18473803E+04 0.37574227E+07
0.18784087E+04 0.37963461E+07
0.19090523E+04 0.38348392E+07
0.19393034E+04 0.38728889E+07
0.19691544E+04 0.39104819E+07
0.19985978E+04 0.39476055E+07
0.20276261E+04 0.39842472E+07
0.20562322E+04 0.40203948E+07
0.20844087E+04 0.40560364E+07
0.21121486E+04 0.40911603E+07
0.21394448E+04 0.41257552E+07
0.21662906E+04 0.41598098E+07
0.21926791E+04 0.41933134E+07
0.22186038E+04 0.42262552E+07
0.22440580E+04 0.42586250E+07
0.22690354E+04 0.42904125E+07
0.22935297E+04 0.43216079E+07
0.23175348E+04 0.43522014E+07
0.23410445E+04 0.43821836E+07
0.23640530E+04 0.44115454E+07
0.23865545E+04 0.44402778E+07
0.24085432E+04 0.44683720E+07
0.24300138E+04 0.44958195E+07
0.24509607E+04 0.45226121E+07
0.24713787E+04 0.45487416E+07
0.24912627E+04 0.45742003E+07
0.25106076E+04 0.45989805E+07
0.25294085E+04 0.46230748E+07
0.25476609E+04 0.46464762E+07
0.25653600E+04 0.46691776E+07
0.25825013E+04 0.46911724E+07
0.25990807E+04 0.47124540E+07
0.26150939E+04 0.47330163E+07
0.26305368E+04 0.47528532E+07
0.26454056E+04 0.47719588E+07
0.26596966E+04 0.47903276E+07
0.26734061E+04 0.48079542E+07
0.26865307E+04 0.48248336E+07
0.26990671E+04 0.48409607E+07
0.27110122E+04 0.48563309E+07
0.27223628E+04 0.48709397E+07
0.27331163E+04 0.48847830E+07
0.27432698E+04 0.48978566E+07
0.27528208E+04 0.49101569E+07
0.27617669E+04 0.49216802E+07
0.27701058E+04 0.49324233E+07
0.27778355E+04 0.49423831E+07
0.27849540E+04 0.49515566E+07
0.27914596E+04 0.49599413E+07
0.27973505E+04 0.49675347E+07
0.28026253E+04 0.49743347E+07
0.28072826E+04 0.49803393E+07
0.28113214E+04 0.49855467E+07
0.28147405E+04 0.49899556E+07
0.28175392E+04 0.49935645E+07
0.28197166E+04 0.49963725E+07
0.28212723E+04 0.49983789E+07
0.28222059E+04 0.49995829E+07
0.28225171E+04 0.49999843E+07
Species at the stagnation point
  0.117595258077434       0.754214538082094       2.753135893320683E-002
  6.240277557856780E-008  0.100642364206238       1.641829710952597E-005
  1.141759529516179E-012
  0.117595258077434       0.754214538082094       2.753135893320683E-002
  6.240277557856780E-008  0.100642364206238       1.641829710952597E-005
  1.141759529516179E-012
  0.117595258077434       0.754214538082094       2.753135893320683E-002
  6.240277557856780E-008  0.100642364206238       1.641829710952597E-005
  1.141759529516179E-012
  0.117595258077434       0.754214538082094       2.753135893320683E-002
  6.240277557856780E-008  0.100642364206238       1.641829710952597E-005
  1.141759529516179E-012
  0.117595258077434       0.754214538082094       2.753135893320683E-002
  6.240277557856780E-008  0.100642364206238       1.641829710952597E-005
  1.141759529516179E-012
  0.117595258077434       0.754214538082094       2.753135893320683E-002
  6.240277557856780E-008  0.100642364206238       1.641829710952597E-005
  1.141759529516179E-012
  0.117595258077434       0.754214538082094       2.753135893320683E-002
  6.240277557856780E-008  0.100642364206238       1.641829710952597E-005
  1.141759529516179E-012
  0.117595258077434       0.754214538082094       2.753135893320683E-002
  6.240277557856780E-008  0.100642364206238       1.641829710952597E-005
  1.141759529516179E-012
  0.117595258077434       0.754214538082094       2.753135893320683E-002
  6.240277557856780E-008  0.100642364206238       1.641829710952597E-005
  1.141759529516179E-012
  0.117595258077434       0.754214538082094       2.753135893320683E-002
  6.240277557856780E-008  0.100642364206238       1.641829710952597E-005
  1.141759529516179E-012
  0.117595258077434       0.754214538082094       2.753135893320683E-002
  6.240277557856780E-008  0.100642364206238       1.641829710952597E-005
  1.141759529516179E-012
  0.117595258077434       0.754214538082094       2.753135893320683E-002
  6.240277557856780E-008  0.100642364206238       1.641829710952597E-005
  1.141759529516179E-012
  0.117595258077434       0.754214538082094       2.753135893320683E-002
  6.240277557856780E-008  0.100642364206238       1.641829710952597E-005
  1.141759529516179E-012
  0.117595258077434       0.754214538082094       2.753135893320683E-002
  6.240277557856780E-008  0.100642364206238       1.641829710952597E-005
  1.141759529516179E-012
  0.117595258077434       0.754214538082094       2.753135893320683E-002
  6.240277557856780E-008  0.100642364206238       1.641829710952597E-005
  1.141759529516179E-012
  0.117595258077434       0.754214538082094       2.753135893320683E-002
  6.240277557856780E-008  0.100642364206238       1.641829710952597E-005
  1.141759529516179E-012
  0.117595258077434       0.754214538082094       2.753135893320683E-002
  6.240277557856780E-008  0.100642364206238       1.641829710952597E-005
  1.141759529516179E-012
  0.117595258077434       0.754214538082094       2.753135893320683E-002
  6.240277557856780E-008  0.100642364206238       1.641829710952597E-005
  1.141759529516179E-012
  0.117595258077434       0.754214538082094       2.753135893320683E-002
  6.240277557856780E-008  0.100642364206238       1.641829710952597E-005
  1.141759529516179E-012
  0.117595258077434       0.754214538082094       2.753135893320683E-002
  6.240277557856780E-008  0.100642364206238       1.641829710952597E-005
  1.141759529516179E-012
  0.117595258077434       0.754214538082094       2.753135893320683E-002
  6.240277557856780E-008  0.100642364206238       1.641829710952597E-005
  1.141759529516179E-012
  0.117595258077434       0.754214538082094       2.753135893320683E-002
  6.240277557856780E-008  0.100642364206238       1.641829710952597E-005
  1.141759529516179E-012
  0.117595258077434       0.754214538082094       2.753135893320683E-002
  6.240277557856780E-008  0.100642364206238       1.641829710952597E-005
  1.141759529516179E-012
  0.117595258077434       0.754214538082094       2.753135893320683E-002
  6.240277557856780E-008  0.100642364206238       1.641829710952597E-005
  1.141759529516179E-012
  0.117595258077434       0.754214538082094       2.753135893320683E-002
  6.240277557856780E-008  0.100642364206238       1.641829710952597E-005
  1.141759529516179E-012
  0.117595258077434       0.754214538082094       2.753135893320683E-002
  6.240277557856780E-008  0.100642364206238       1.641829710952597E-005
  1.141759529516179E-012
  0.117595258077434       0.754214538082094       2.753135893320683E-002
  6.240277557856780E-008  0.100642364206238       1.641829710952597E-005
  1.141759529516179E-012
  0.117595258077434       0.754214538082094       2.753135893320683E-002
  6.240277557856780E-008  0.100642364206238       1.641829710952597E-005
  1.141759529516179E-012
  0.117595258077434       0.754214538082094       2.753135893320683E-002
  6.240277557856780E-008  0.100642364206238       1.641829710952597E-005
  1.141759529516179E-012
  0.117595258077434       0.754214538082094       2.753135893320683E-002
  6.240277557856780E-008  0.100642364206238       1.641829710952597E-005
  1.141759529516179E-012
  0.117595258077434       0.754214538082094       2.753135893320683E-002
  6.240277557856780E-008  0.100642364206238       1.641829710952597E-005
  1.141759529516179E-012
  0.117595258077434       0.754214538082094       2.753135893320683E-002
  6.240277557856780E-008  0.100642364206238       1.641829710952597E-005
  1.141759529516179E-012
  0.117595258077434       0.754214538082094       2.753135893320683E-002
  6.240277557856780E-008  0.100642364206238       1.641829710952597E-005
  1.141759529516179E-012
  0.117595258077434       0.754214538082094       2.753135893320683E-002
  6.240277557856780E-008  0.100642364206238       1.641829710952597E-005
  1.141759529516179E-012
  0.117595258077434       0.754214538082094       2.753135893320683E-002
  6.240277557856780E-008  0.100642364206238       1.641829710952597E-005
  1.141759529516179E-012
  0.117595258077434       0.754214538082094       2.753135893320683E-002
  6.240277557856780E-008  0.100642364206238       1.641829710952597E-005
  1.141759529516179E-012
  0.117595258077434       0.754214538082094       2.753135893320683E-002
  6.240277557856780E-008  0.100642364206238       1.641829710952597E-005
  1.141759529516179E-012
  0.117595258077434       0.754214538082094       2.753135893320683E-002
  6.240277557856780E-008  0.100642364206238       1.641829710952597E-005
  1.141759529516179E-012
  0.117595258077434       0.754214538082094       2.753135893320683E-002
  6.240277557856780E-008  0.100642364206238       1.641829710952597E-005
  1.141759529516179E-012
  0.117595258077434       0.754214538082094       2.753135893320683E-002
  6.240277557856780E-008  0.100642364206238       1.641829710952597E-005
  1.141759529516179E-012
  0.117595258077434       0.754214538082094       2.753135893320683E-002
  6.240277557856780E-008  0.100642364206238       1.641829710952597E-005
  1.141759529516179E-012
  0.117595258077434       0.754214538082094       2.753135893320683E-002
  6.240277557856780E-008  0.100642364206238       1.641829710952597E-005
  1.141759529516179E-012
  0.117595258077434       0.754214538082094       2.753135893320683E-002
  6.240277557856780E-008  0.100642364206238       1.641829710952597E-005
  1.141759529516179E-012
  0.117595258077434       0.754214538082094       2.753135893320683E-002
  6.240277557856780E-008  0.100642364206238       1.641829710952597E-005
  1.141759529516179E-012
  0.117595258077434       0.754214538082094       2.753135893320683E-002
  6.240277557856780E-008  0.100642364206238       1.641829710952597E-005
  1.141759529516179E-012
  0.117595258077434       0.754214538082094       2.753135893320683E-002
  6.240277557856780E-008  0.100642364206238       1.641829710952597E-005
  1.141759529516179E-012
  0.117595258077434       0.754214538082094       2.753135893320683E-002
  6.240277557856780E-008  0.100642364206238       1.641829710952597E-005
  1.141759529516179E-012
  0.117595258077434       0.754214538082094       2.753135893320683E-002
  6.240277557856780E-008  0.100642364206238       1.641829710952597E-005
  1.141759529516179E-012
  0.117595258077434       0.754214538082094       2.753135893320683E-002
  6.240277557856780E-008  0.100642364206238       1.641829710952597E-005
  1.141759529516179E-012
  0.117595258077434       0.754214538082094       2.753135893320683E-002
  6.240277557856780E-008  0.100642364206238       1.641829710952597E-005
  1.141759529516179E-012
  0.117595258077434       0.754214538082094       2.753135893320683E-002
  6.240277557856780E-008  0.100642364206238       1.641829710952597E-005
  1.141759529516179E-012
  0.117595258077434       0.754214538082094       2.753135893320683E-002
  6.240277557856780E-008  0.100642364206238       1.641829710952597E-005
  1.141759529516179E-012
  0.117595258077434       0.754214538082094       2.753135893320683E-002
  6.240277557856780E-008  0.100642364206238       1.641829710952597E-005
  1.141759529516179E-012
  0.117595258077434       0.754214538082094       2.753135893320683E-002
  6.240277557856780E-008  0.100642364206238       1.641829710952597E-005
  1.141759529516179E-012
  0.117595258077434       0.754214538082094       2.753135893320683E-002
  6.240277557856780E-008  0.100642364206238       1.641829710952597E-005
  1.141759529516179E-012
  0.117595258077434       0.754214538082094       2.753135893320683E-002
  6.240277557856780E-008  0.100642364206238       1.641829710952597E-005
  1.141759529516179E-012
  0.117595258077434       0.754214538082094       2.753135893320683E-002
  6.240277557856780E-008  0.100642364206238       1.641829710952597E-005
  1.141759529516179E-012
  0.117595258077434       0.754214538082094       2.753135893320683E-002
  6.240277557856780E-008  0.100642364206238       1.641829710952597E-005
  1.141759529516179E-012
  0.117595258077434       0.754214538082094       2.753135893320683E-002
  6.240277557856780E-008  0.100642364206238       1.641829710952597E-005
  1.141759529516179E-012
  0.117595258077434       0.754214538082094       2.753135893320683E-002
  6.240277557856780E-008  0.100642364206238       1.641829710952597E-005
  1.141759529516179E-012
  0.117595258077434       0.754214538082094       2.753135893320683E-002
  6.240277557856780E-008  0.100642364206238       1.641829710952597E-005
  1.141759529516179E-012
  0.117595258077434       0.754214538082094       2.753135893320683E-002
  6.240277557856780E-008  0.100642364206238       1.641829710952597E-005
  1.141759529516179E-012
  0.117595258077434       0.754214538082094       2.753135893320683E-002
  6.240277557856780E-008  0.100642364206238       1.641829710952597E-005
  1.141759529516179E-012
  0.117595258077434       0.754214538082094       2.753135893320683E-002
  6.240277557856780E-008  0.100642364206238       1.641829710952597E-005
  1.141759529516179E-012
  0.117595258077434       0.754214538082094       2.753135893320683E-002
  6.240277557856780E-008  0.100642364206238       1.641829710952597E-005
  1.141759529516179E-012
  0.117595258077434       0.754214538082094       2.753135893320683E-002
  6.240277557856780E-008  0.100642364206238       1.641829710952597E-005
  1.141759529516179E-012
  0.117595258077434       0.754214538082094       2.753135893320683E-002
  6.240277557856780E-008  0.100642364206238       1.641829710952597E-005
  1.141759529516179E-012
  0.117595258077434       0.754214538082094       2.753135893320683E-002
  6.240277557856780E-008  0.100642364206238       1.641829710952597E-005
  1.141759529516179E-012
  0.117595258077434       0.754214538082094       2.753135893320683E-002
  6.240277557856780E-008  0.100642364206238       1.641829710952597E-005
  1.141759529516179E-012
  0.117595258077434       0.754214538082094       2.753135893320683E-002
  6.240277557856780E-008  0.100642364206238       1.641829710952597E-005
  1.141759529516179E-012
  0.117595258077434       0.754214538082094       2.753135893320683E-002
  6.240277557856780E-008  0.100642364206238       1.641829710952597E-005
  1.141759529516179E-012
  0.117595258077434       0.754214538082094       2.753135893320683E-002
  6.240277557856780E-008  0.100642364206238       1.641829710952597E-005
  1.141759529516179E-012
  0.117595258077434       0.754214538082094       2.753135893320683E-002
  6.240277557856780E-008  0.100642364206238       1.641829710952597E-005
  1.141759529516179E-012
  0.117595258077434       0.754214538082094       2.753135893320683E-002
  6.240277557856780E-008  0.100642364206238       1.641829710952597E-005
  1.141759529516179E-012
  0.117595258077434       0.754214538082094       2.753135893320683E-002
  6.240277557856780E-008  0.100642364206238       1.641829710952597E-005
  1.141759529516179E-012
  0.117595258077434       0.754214538082094       2.753135893320683E-002
  6.240277557856780E-008  0.100642364206238       1.641829710952597E-005
  1.141759529516179E-012
  0.117595258077434       0.754214538082094       2.753135893320683E-002
  6.240277557856780E-008  0.100642364206238       1.641829710952597E-005
  1.141759529516179E-012
  0.117595258077434       0.754214538082094       2.753135893320683E-002
  6.240277557856780E-008  0.100642364206238       1.641829710952597E-005
  1.141759529516179E-012
  0.117595258077434       0.754214538082094       2.753135893320683E-002
  6.240277557856780E-008  0.100642364206238       1.641829710952597E-005
  1.141759529516179E-012
  0.117595258077434       0.754214538082094       2.753135893320683E-002
  6.240277557856780E-008  0.100642364206238       1.641829710952597E-005
  1.141759529516179E-012
  0.117595258077434       0.754214538082094       2.753135893320683E-002
  6.240277557856780E-008  0.100642364206238       1.641829710952597E-005
  1.141759529516179E-012
  0.117595258077434       0.754214538082094       2.753135893320683E-002
  6.240277557856780E-008  0.100642364206238       1.641829710952597E-005
  1.141759529516179E-012
  0.117595258077434       0.754214538082094       2.753135893320683E-002
  6.240277557856780E-008  0.100642364206238       1.641829710952597E-005
  1.141759529516179E-012
  0.117595258077434       0.754214538082094       2.753135893320683E-002
  6.240277557856780E-008  0.100642364206238       1.641829710952597E-005
  1.141759529516179E-012
  0.117595258077434       0.754214538082094       2.753135893320683E-002
  6.240277557856780E-008  0.100642364206238       1.641829710952597E-005
  1.141759529516179E-012
  0.117595258077434       0.754214538082094       2.753135893320683E-002
  6.240277557856780E-008  0.100642364206238       1.641829710952597E-005
  1.141759529516179E-012
  0.117595258077434       0.754214538082094       2.753135893320683E-002
  6.240277557856780E-008  0.100642364206238       1.641829710952597E-005
  1.141759529516179E-012
  0.117595258077434       0.754214538082094       2.753135893320683E-002
  6.240277557856780E-008  0.100642364206238       1.641829710952597E-005
  1.141759529516179E-012
  0.117595258077434       0.754214538082094       2.753135893320683E-002
  6.240277557856780E-008  0.100642364206238       1.641829710952597E-005
  1.141759529516179E-012
  0.117595258077434       0.754214538082094       2.753135893320683E-002
  6.240277557856780E-008  0.100642364206238       1.641829710952597E-005
  1.141759529516179E-012
  0.117595258077434       0.754214538082094       2.753135893320683E-002
  6.240277557856780E-008  0.100642364206238       1.641829710952597E-005
  1.141759529516179E-012
  0.117595258077434       0.754214538082094       2.753135893320683E-002
  6.240277557856780E-008  0.100642364206238       1.641829710952597E-005
  1.141759529516179E-012
  0.117595258077434       0.754214538082094       2.753135893320683E-002
  6.240277557856780E-008  0.100642364206238       1.641829710952597E-005
  1.141759529516179E-012
  0.117595258077434       0.754214538082094       2.753135893320683E-002
  6.240277557856780E-008  0.100642364206238       1.641829710952597E-005
  1.141759529516179E-012
  0.117595258077434       0.754214538082094       2.753135893320683E-002
  6.240277557856780E-008  0.100642364206238       1.641829710952597E-005
  1.141759529516179E-012
  0.117595258077434       0.754214538082094       2.753135893320683E-002
  6.240277557856780E-008  0.100642364206238       1.641829710952597E-005
  1.141759529516179E-012
  0.117595258077434       0.754214538082094       2.753135893320683E-002
  6.240277557856780E-008  0.100642364206238       1.641829710952597E-005
  1.141759529516179E-012
  0.117595258077434       0.754214538082094       2.753135893320683E-002
  6.240277557856780E-008  0.100642364206238       1.641829710952597E-005
  1.141759529516179E-012
  0.117595258077434       0.754214538082094       2.753135893320683E-002
  6.240277557856780E-008  0.100642364206238       1.641829710952597E-005
  1.141759529516179E-012
  0.117595258077434       0.754214538082094       2.753135893320683E-002
  6.240277557856780E-008  0.100642364206238       1.641829710952597E-005
  1.141759529516179E-012
