 T, h at the stagnation point 
 7.50000000e+02 4.51026980e+06 
 8.23421195e+02 4.60518584e+06 
 8.97053488e+02 4.70226396e+06 
 9.71006947e+02 4.80142072e+06 
 1.04527074e+03 4.90255796e+06 
 1.11985606e+03 5.00557756e+06 
 1.19477512e+03 5.11038951e+06 
 1.27004008e+03 5.21690841e+06 
 1.34566152e+03 5.32505264e+06 
 1.42164724e+03 5.43474351e+06 
 1.49800150e+03 5.54590434e+06 
 1.57472460e+03 5.65845970e+06 
 1.65181258e+03 5.77233460e+06 
 1.72925705e+03 5.88745389e+06 
 1.80704506e+03 6.00374159e+06 
 1.88515903e+03 6.12112036e+06 
 1.96357666e+03 6.23951081e+06 
 2.04227000e+03 6.35883103e+06 
 2.12120806e+03 6.47899702e+06 
 2.20035639e+03 6.59992266e+06 
 2.27967502e+03 6.72151872e+06 
 2.35911935e+03 6.84369262e+06 
 2.43864027e+03 6.96634854e+06 
 2.51818432e+03 7.08938734e+06 
 2.59769387e+03 7.21270665e+06 
 2.67710742e+03 7.33620090e+06 
 2.75635979e+03 7.45976153e+06 
 2.83538253e+03 7.58327717e+06 
 2.91410420e+03 7.70663385e+06 
 2.99245081e+03 7.82971539e+06 
 3.07034626e+03 7.95240368e+06 
 3.14771278e+03 8.07457910e+06 
 3.22447148e+03 8.19612097e+06 
 3.30054282e+03 8.31690802e+06 
 3.37584718e+03 8.43681888e+06 
 3.45030542e+03 8.55573259e+06 
 3.52383940e+03 8.67352920e+06 
 3.59637254e+03 8.79009027e+06 
 3.66783034e+03 8.90529944e+06 
 3.73814090e+03 9.01904303e+06 
 3.80723533e+03 9.13121051e+06 
 3.87504824e+03 9.24169509e+06 
 3.94151813e+03 9.35039419e+06 
 4.00658766e+03 9.45720997e+06 
 4.07020403e+03 9.56204971e+06 
 4.13231917e+03 9.66482626e+06 
 4.19288994e+03 9.76545841e+06 
 4.25187830e+03 9.86387121e+06 
 4.30925136e+03 9.95999621e+06 
 4.36498146e+03 1.00537718e+07 
 4.41904618e+03 1.01451432e+07 
 4.47142829e+03 1.02340627e+07 
 4.52211570e+03 1.03204900e+07 
 4.57110136e+03 1.04043917e+07 
 4.61838314e+03 1.04857418e+07 
 4.66396364e+03 1.05645212e+07 
 4.70785008e+03 1.06407181e+07 
 4.75005406e+03 1.07143273e+07 
 4.79059138e+03 1.07853506e+07 
 4.82948179e+03 1.08537960e+07 
 4.86674879e+03 1.09196780e+07 
 4.90241936e+03 1.09830170e+07 
 4.93652369e+03 1.10438388e+07 
 4.96909501e+03 1.11021750e+07 
 5.00016920e+03 1.11580618e+07 
 5.02978467e+03 1.12115403e+07 
 5.05798199e+03 1.12626556e+07 
 5.08480369e+03 1.13114569e+07 
 5.11029403e+03 1.13579969e+07 
 5.13449871e+03 1.14023312e+07 
 5.15746469e+03 1.14445184e+07 
 5.17923997e+03 1.14846194e+07 
 5.19987339e+03 1.15226969e+07 
 5.21941446e+03 1.15588156e+07 
 5.23791323e+03 1.15930412e+07 
 5.25542015e+03 1.16254407e+07 
 5.27198597e+03 1.16560815e+07 
 5.28766172e+03 1.16850317e+07 
 5.30249865e+03 1.17123593e+07 
 5.31654825e+03 1.17381324e+07 
 5.32986231e+03 1.17624187e+07 
 5.34249305e+03 1.17852855e+07 
 5.35449324e+03 1.18067995e+07 
 5.36591644e+03 1.18270266e+07 
 5.37681726e+03 1.18460318e+07 
 5.38725174e+03 1.18638791e+07 
 5.39727773e+03 1.18806318e+07 
 5.40695545e+03 1.18963519e+07 
 5.41634807e+03 1.19111005e+07 
 5.42552243e+03 1.19249379e+07 
 5.43454988e+03 1.19379232e+07 
 5.44350726e+03 1.19501153e+07 
 5.45247795e+03 1.19615719e+07 
 5.46155323e+03 1.19723508e+07 
 5.47083383e+03 1.19825098e+07 
 5.48042909e+03 1.19921019e+07 
 5.49047356e+03 1.20012212e+07 
 5.50103857e+03 1.20096391e+07 
 5.51201569e+03 1.20168529e+07 
 5.52568996e+03 1.20259683e+07 
 Species at the stagnation point 
 6.18048945e-05 7.60902801e-01 6.58709692e-03 -2.13264991e-07 2.29104499e-01 3.34401104e-03 -3.90202733e-12 
 2.34028039e-05 7.61047247e-01 6.00677102e-03 -1.64439020e-07 2.29361597e-01 3.56114682e-03 -3.00867737e-12 
 2.21914952e-05 7.61128638e-01 5.44040205e-03 -6.40602749e-08 2.29589975e-01 3.81885703e-03 -1.17208616e-12 
 1.85503126e-05 7.61153165e-01 4.92262597e-03 1.78558685e-08 2.29803402e-01 4.10223877e-03 3.26701942e-13 
 1.55950500e-05 7.61124806e-01 4.44756876e-03 6.86737215e-08 2.30000871e-01 4.41109011e-03 1.25649661e-12 
 1.30974415e-05 7.61046937e-01 4.01261576e-03 9.76841268e-08 2.30184087e-01 4.74316449e-03 1.78728881e-12 
 1.09902169e-05 7.60922829e-01 3.61527271e-03 1.14432317e-07 2.30353876e-01 5.09691711e-03 2.09372399e-12 
 9.22030401e-06 7.60755471e-01 3.25318925e-03 1.24986725e-07 2.30511078e-01 5.47091649e-03 2.28683392e-12 
 7.73777726e-06 7.60547670e-01 2.92413177e-03 1.32557944e-07 2.30656490e-01 5.86383760e-03 2.42536161e-12 
 6.49835307e-06 7.60302080e-01 2.62596751e-03 1.38768142e-07 2.30790870e-01 6.27444598e-03 2.53898721e-12 
 5.46363353e-06 7.60021211e-01 2.35665878e-03 1.44454857e-07 2.30914938e-01 6.70158366e-03 2.64303483e-12 
 4.60075936e-06 7.59707447e-01 2.11426284e-03 1.50142179e-07 2.31029379e-01 7.14415971e-03 2.74709357e-12 
 3.88188227e-06 7.59363044e-01 1.89693532e-03 1.56323070e-07 2.31134839e-01 7.60114355e-03 2.86018295e-12 
 3.28355868e-06 7.58990135e-01 1.70293558e-03 1.63751528e-07 2.31231922e-01 8.07155999e-03 2.99609859e-12 
 2.78631011e-06 7.58590729e-01 1.53063287e-03 1.73745090e-07 2.31321192e-01 8.55448565e-03 3.17894694e-12 
 2.37269113e-06 7.58166712e-01 1.37851412e-03 1.89135258e-07 2.31403165e-01 9.04904751e-03 3.46053491e-12 
 2.03490021e-06 7.57719838e-01 1.24518191e-03 2.14835240e-07 2.31478325e-01 9.55440516e-03 3.93075758e-12 
 2.06443650e-06 7.57251727e-01 1.12909356e-03 2.61970797e-07 2.31546982e-01 1.00698713e-02 4.79317870e-12 
 2.39009491e-06 7.56763875e-01 1.02921131e-03 3.39024491e-07 2.31609520e-01 1.05946655e-02 6.20300042e-12 
 2.74126867e-06 7.56257648e-01 9.44840121e-04 4.46662256e-07 2.31666337e-01 1.11279868e-02 8.17240711e-12 
 3.11985534e-06 7.55734274e-01 8.75162912e-04 5.88570237e-07 2.31717679e-01 1.16691754e-02 1.07688427e-11 
 3.53666032e-06 7.55194840e-01 8.19488868e-04 7.69353372e-07 2.31763759e-01 1.22176058e-02 1.40765621e-11 
 4.00632689e-06 7.54640307e-01 7.77262311e-04 9.94816842e-07 2.31804732e-01 1.27726980e-02 1.82017803e-11 
 4.54869837e-06 7.54071499e-01 7.48062456e-04 1.27134731e-06 2.31840703e-01 1.33339147e-02 2.32613517e-11 
 5.18912150e-06 7.53489115e-01 7.31601716e-04 1.60570498e-06 2.31871728e-01 1.39007598e-02 2.93789651e-11 
 5.95879355e-06 7.52893727e-01 7.27721493e-04 2.00481734e-06 2.31897811e-01 1.44727767e-02 3.66813700e-11 
 6.89502639e-06 7.52285789e-01 7.36385405e-04 2.47564362e-06 2.31918909e-01 1.50495458e-02 4.52958970e-11 
 8.04140824e-06 7.51665648e-01 7.57669825e-04 3.02504866e-06 2.31934934e-01 1.56306818e-02 5.53481492e-11 
 9.44783417e-06 7.51033552e-01 7.91751698e-04 3.65968304e-06 2.31945758e-01 1.62158302e-02 6.69598098e-11 
 1.11703701e-05 7.50389668e-01 8.38893693e-04 4.38586467e-06 2.31951219e-01 1.68046634e-02 8.02464752e-11 
 1.32709139e-05 7.49734095e-01 8.99426866e-04 5.20946381e-06 2.31951121e-01 1.73968760e-02 9.53155512e-11 
 1.58166197e-05 7.49066885e-01 9.73731138e-04 6.13579381e-06 2.31945251e-01 1.79921799e-02 1.12264254e-10 
 1.88790602e-05 7.48388062e-01 1.06221401e-03 7.16951014e-06 2.31933377e-01 1.85902984e-02 1.31177763e-10 
 2.25331146e-05 7.47697642e-01 1.16528802e-03 8.31451988e-06 2.31915262e-01 1.91909603e-02 1.52127565e-10 
 2.68555832e-05 7.46995659e-01 1.28334767e-03 9.57390362e-06 2.31890670e-01 1.97938940e-02 1.75170024e-10 
 3.19235537e-05 7.46282183e-01 1.41674627e-03 1.09498512e-05 2.31859376e-01 2.03988209e-02 2.00345206e-10 
 3.78125568e-05 7.45557343e-01 1.56577375e-03 1.24436124e-05 2.31821177e-01 2.10054498e-02 2.27675980e-10 
 4.45945719e-05 7.44821350e-01 1.73063583e-03 1.40554639e-05 2.31775894e-01 2.16134706e-02 2.57167404e-10 
 5.23359550e-05 7.44074508e-01 1.91143539e-03 1.57846913e-05 2.31723386e-01 2.22225498e-02 2.88806412e-10 
 6.10953736e-05 7.43317238e-01 2.10815658e-03 1.76295887e-05 2.31663555e-01 2.28323258e-02 3.22561788e-10 
 7.09218364e-05 7.42550082e-01 2.32065213e-03 1.95874727e-05 2.31596351e-01 2.34424054e-02 3.58384438e-10 
 8.18529070e-05 7.41773718e-01 2.54863433e-03 2.16547122e-05 2.31521778e-01 2.40523610e-02 3.96207922e-10 
 9.39131810e-05 7.40988962e-01 2.79166972e-03 2.38267716e-05 2.31439898e-01 2.46617296e-02 4.35949255e-10 
 1.07113096e-04 7.40196768e-01 3.04917781e-03 2.60982671e-05 2.31350830e-01 2.52700123e-02 4.77509933e-10 
 1.21448129e-04 7.39398227e-01 3.32043357e-03 2.84630341e-05 2.31254753e-01 2.58766751e-02 5.20777163e-10 
 1.36898407e-04 7.38594558e-01 3.60457363e-03 3.09142040e-05 2.31151904e-01 2.64811504e-02 5.65625273e-10 
 1.53428757e-04 7.37787101e-01 3.90060584e-03 3.34442890e-05 2.31042579e-01 2.70828406e-02 6.11917264e-10 
 1.70989174e-04 7.36977300e-01 4.20742188e-03 3.60452731e-05 2.30927122e-01 2.76811211e-02 6.59506467e-10 
 1.89515691e-04 7.36166689e-01 4.52381221e-03 3.87087067e-05 2.30805928e-01 2.82753451e-02 7.08238285e-10 
 2.08931600e-04 7.35356875e-01 4.84848317e-03 4.14258043e-05 2.30679435e-01 2.88648487e-02 7.57951973e-10 
 2.29148980e-04 7.34549515e-01 5.18007536e-03 4.41875427e-05 2.30548116e-01 2.94489559e-02 8.08482435e-10 
 2.50070457e-04 7.33746302e-01 5.51718296e-03 4.69847576e-05 2.30412474e-01 3.00269848e-02 8.59661999e-10 
 2.71591134e-04 7.32948939e-01 5.85837323e-03 4.98082390e-05 2.30273034e-01 3.05982530e-02 9.11322150e-10 
 2.93600618e-04 7.32159121e-01 6.20220589e-03 5.26488216e-05 2.30130339e-01 3.11620832e-02 9.63295193e-10 
 3.15985072e-04 7.31378518e-01 6.54725169e-03 5.54974705e-05 2.29984938e-01 3.17178088e-02 1.01541582e-09 
 3.38629242e-04 7.30608753e-01 6.89210988e-03 5.83453614e-05 2.29837382e-01 3.22647790e-02 1.06752259e-09 
 3.61418375e-04 7.29851388e-01 7.23542416e-03 6.11839536e-05 2.29688221e-01 3.28023636e-02 1.11945921e-09 
 3.84240016e-04 7.29107910e-01 7.57589679e-03 6.40050547e-05 2.29537990e-01 3.33299569e-02 1.17107581e-09 
 4.06985607e-04 7.28379717e-01 7.91230069e-03 6.68008788e-05 2.29387213e-01 3.38469817e-02 1.22222993e-09 
 4.29551885e-04 7.27668110e-01 8.24348935e-03 6.95640955e-05 2.29236392e-01 3.43528922e-02 1.27278744e-09 
 4.51842051e-04 7.26974282e-01 8.56840441e-03 7.22878702e-05 2.29086006e-01 3.48471766e-02 1.32262330e-09 
 4.73766692e-04 7.26299317e-01 8.88608091e-03 7.49658971e-05 2.28936509e-01 3.53293591e-02 1.37162212e-09 
 4.95244457e-04 7.25644184e-01 9.19565020e-03 7.75924233e-05 2.28788326e-01 3.57990010e-02 1.41967866e-09 
 5.16202496e-04 7.25009737e-01 9.49634063e-03 8.01622649e-05 2.28641855e-01 3.62557018e-02 1.46669806e-09 
 5.36576665e-04 7.24396715e-01 9.78747596e-03 8.26708162e-05 2.28497461e-01 3.66990992e-02 1.51259606e-09 
 5.56311502e-04 7.23805751e-01 1.00684718e-02 8.51140517e-05 2.28355482e-01 3.71288686e-02 1.55729899e-09 
 5.75360018e-04 7.23237368e-01 1.03388299e-02 8.74885218e-05 2.28216229e-01 3.75447227e-02 1.60074376e-09 
 5.93683284e-04 7.22691998e-01 1.05981311e-02 8.97913423e-05 2.28079985e-01 3.79464098e-02 1.64287758e-09 
 6.11249872e-04 7.22169979e-01 1.08460256e-02 9.20201797e-05 2.27947011e-01 3.83337119e-02 1.68365776e-09 
 6.28035136e-04 7.21671576e-01 1.10822230e-02 9.41732318e-05 2.27817548e-01 3.87064425e-02 1.72305132e-09 
 6.44020375e-04 7.21196985e-01 1.13064797e-02 9.62492039e-05 2.27691820e-01 3.90644435e-02 1.76103458e-09 
 6.59191877e-04 7.20746352e-01 1.15185852e-02 9.82472839e-05 2.27570039e-01 3.94075819e-02 1.79759268e-09 
 6.73539869e-04 7.20319785e-01 1.17183472e-02 1.00167113e-04 2.27452413e-01 3.97357457e-02 1.83271905e-09 
 6.87057371e-04 7.19917371e-01 1.19055751e-02 1.02008756e-04 2.27339147e-01 4.00488391e-02 1.86641489e-09 
 6.99738968e-04 7.19539195e-01 1.20800617e-02 1.03772672e-04 2.27230452e-01 4.03467772e-02 1.89868858e-09 
 7.11579493e-04 7.19185359e-01 1.22415637e-02 1.05459682e-04 2.27126556e-01 4.06294801e-02 1.92955514e-09 
 7.22572620e-04 7.18856003e-01 1.23897800e-02 1.07070936e-04 2.27027706e-01 4.08968658e-02 1.95903565e-09 
 7.32709348e-04 7.18551330e-01 1.25243278e-02 1.08607889e-04 2.26934180e-01 4.11488422e-02 1.98715669e-09 
 7.41976375e-04 7.18271633e-01 1.26447167e-02 1.10072266e-04 2.26846301e-01 4.13852981e-02 2.01394982e-09 
 7.50354308e-04 7.18017321e-01 1.27503193e-02 1.11466037e-04 2.26764444e-01 4.16060934e-02 2.03945111e-09 
 7.57815704e-04 7.17788953e-01 1.28403388e-02 1.12791391e-04 2.26689052e-01 4.18110467e-02 2.06370060e-09 
 7.64322882e-04 7.17587279e-01 1.29137724e-02 1.14050713e-04 2.26620650e-01 4.19999226e-02 2.08674193e-09 
 7.69825446e-04 7.17413274e-01 1.29693699e-02 1.15246564e-04 2.26559866e-01 4.21724160e-02 2.10862196e-09 
 7.74257462e-04 7.17268188e-01 1.30055873e-02 1.16381662e-04 2.26507448e-01 4.23281350e-02 2.12939041e-09 
 7.77534184e-04 7.17153602e-01 1.30205332e-02 1.17458864e-04 2.26464289e-01 4.24665808e-02 2.14909956e-09 
 7.79548238e-04 7.17071484e-01 1.30119085e-02 1.18481159e-04 2.26431451e-01 4.25871248e-02 2.16780409e-09 
 7.80165092e-04 7.17024261e-01 1.29769368e-02 1.19451651e-04 2.26410201e-01 4.26889821e-02 2.18556080e-09 
 7.79217671e-04 7.17014896e-01 1.29122856e-02 1.20373555e-04 2.26402043e-01 4.27711818e-02 2.20242854e-09 
 7.76499860e-04 7.17046980e-01 1.28139763e-02 1.21250194e-04 2.26408760e-01 4.28325318e-02 2.21846806e-09 
 7.71758616e-04 7.17124833e-01 1.26772814e-02 1.22084988e-04 2.26432460e-01 4.28715795e-02 2.23374197e-09 
 7.64684304e-04 7.17253624e-01 1.24966086e-02 1.22881456e-04 2.26475633e-01 4.28865661e-02 2.24831464e-09 
 7.54898763e-04 7.17439501e-01 1.22653693e-02 1.23643207e-04 2.26541211e-01 4.28753746e-02 2.26225209e-09 
 7.41940472e-04 7.17689743e-01 1.19758317e-02 1.24373952e-04 2.26632639e-01 4.28354702e-02 2.27562225e-09 
 7.25245597e-04 7.18012928e-01 1.16189576e-02 1.25077310e-04 2.26753956e-01 4.27638326e-02 2.28849132e-09 
 7.04127226e-04 7.18419118e-01 1.11842236e-02 1.25758290e-04 2.26909883e-01 4.26568883e-02 2.30095095e-09 
 6.77720045e-04 7.18920076e-01 1.06594653e-02 1.26409177e-04 2.27105985e-01 4.25103422e-02 2.31285999e-09 
 6.45192137e-04 7.19529061e-01 1.00304059e-02 1.27120761e-04 2.27348249e-01 4.23199689e-02 2.32587956e-09 
 6.03134377e-04 7.20266990e-01 9.28210424e-03 1.27399522e-04 2.27646822e-01 4.20735471e-02 2.33097995e-09 
 5.70734102e-04 7.21161303e-01 8.37550168e-03 1.31852745e-04 2.28000742e-01 4.17598641e-02 2.41245884e-09 
 3.44093928e-04 7.22185722e-01 7.48352345e-03 8.21452162e-05 2.28539365e-01 4.13651488e-02 1.50297935e-09 
