 T, h at the stagnation point 
 7.50000000e+02 4.35822195e+06 
 8.34248233e+02 4.46800587e+06 
 9.19418934e+02 4.58070891e+06 
 1.00546692e+03 4.69619573e+06 
 1.09237690e+03 4.81432774e+06 
 1.18009367e+03 4.93495257e+06 
 1.26879624e+03 5.05881173e+06 
 1.36055715e+03 5.18719192e+06 
 1.44132282e+03 5.29700683e+06 
 1.36400740e+03 5.38493295e+06 
 1.45599360e+03 5.49635565e+06 
 1.54227845e+03 5.62916635e+06 
 1.62927804e+03 5.75945257e+06 
 1.71744614e+03 5.89159770e+06 
 1.80621614e+03 6.02554767e+06 
 1.89558606e+03 6.16113500e+06 
 1.98556273e+03 6.29830937e+06 
 2.07607536e+03 6.43699108e+06 
 2.16714162e+03 6.57711741e+06 
 2.25875056e+03 6.71863047e+06 
 2.35087962e+03 6.86146443e+06 
 2.44350353e+03 7.00555264e+06 
 2.53659385e+03 7.15082785e+06 
 2.63011928e+03 7.29722172e+06 
 2.72404588e+03 7.44466467e+06 
 2.81833719e+03 7.59308572e+06 
 2.91295439e+03 7.74241242e+06 
 3.00785639e+03 7.89257070e+06 
 3.10299998e+03 8.04348486e+06 
 3.19833997e+03 8.19507748e+06 
 3.29382927e+03 8.34726940e+06 
 3.38941909e+03 8.49997974e+06 
 3.48505904e+03 8.65312594e+06 
 3.58069731e+03 8.80662376e+06 
 3.67628085e+03 8.96038738e+06 
 3.77175555e+03 9.11432950e+06 
 3.86706646e+03 9.26836146e+06 
 3.96215799e+03 9.42239335e+06 
 4.05697421e+03 9.57633421e+06 
 4.15145903e+03 9.73009220e+06 
 4.24555654e+03 9.88357478e+06 
 4.33921131e+03 1.00366890e+07 
 4.43236862e+03 1.01893415e+07 
 4.52497486e+03 1.03414393e+07 
 4.61697778e+03 1.04928894e+07 
 4.70832684e+03 1.06435994e+07 
 4.79897352e+03 1.07934778e+07 
 4.88887163e+03 1.09424340e+07 
 4.97797758e+03 1.10903791e+07 
 5.06625068e+03 1.12372254e+07 
 5.15365335e+03 1.13828873e+07 
 5.24015141e+03 1.15272813e+07 
 5.32571425e+03 1.16703262e+07 
 5.41031496e+03 1.18119432e+07 
 5.49393058e+03 1.19520565e+07 
 5.57654210e+03 1.20905932e+07 
 5.65813465e+03 1.22274834e+07 
 5.73869751e+03 1.23626606e+07 
 5.81822417e+03 1.24960617e+07 
 5.89671237e+03 1.26276273e+07 
 5.97416411e+03 1.27573014e+07 
 6.05058570e+03 1.28850323e+07 
 6.12598770e+03 1.30107718e+07 
 6.20038506e+03 1.31344760e+07 
 6.27379705e+03 1.32561052e+07 
 6.34624743e+03 1.33756237e+07 
 6.41776450e+03 1.34930006e+07 
 6.48838123e+03 1.36082092e+07 
 6.55813553e+03 1.37212275e+07 
 6.62707044e+03 1.38320384e+07 
 6.69523445e+03 1.39406296e+07 
 6.76268195e+03 1.40469939e+07 
 6.82947366e+03 1.41511294e+07 
 6.89567722e+03 1.42530397e+07 
 6.96136789e+03 1.43527340e+07 
 7.02662930e+03 1.44502275e+07 
 7.09155445e+03 1.45455419e+07 
 7.15624675e+03 1.46387053e+07 
 7.22082131e+03 1.47297528e+07 
 7.28540646e+03 1.48187273e+07 
 7.35014550e+03 1.49056797e+07 
 7.41519880e+03 1.49906697e+07 
 7.48074631e+03 1.50737668e+07 
 7.54699059e+03 1.51550513e+07 
 7.61416053e+03 1.52346155e+07 
 7.68251586e+03 1.53125655e+07 
 7.75235283e+03 1.53890235e+07 
 7.82401140e+03 1.54641300e+07 
 7.89788428e+03 1.55380477e+07 
 7.97442877e+03 1.56109657e+07 
 8.05418211e+03 1.56831059e+07 
 8.13778202e+03 1.57547309e+07 
 8.22599426e+03 1.58261553e+07 
 8.31975069e+03 1.58977609e+07 
 8.42020291e+03 1.59700206e+07 
 8.52879014e+03 1.60435097e+07 
 8.64735249e+03 1.61190711e+07 
 8.77861336e+03 1.61973560e+07 
 8.92510298e+03 1.62788635e+07 
 9.10161295e+03 1.63703506e+07 
 Species at the stagnation point 
 -4.67504300e-02 6.96865771e-01 1.51179742e-01 1.11035114e-05 1.98736956e-01 -4.31428582e-05 2.03156667e-10 
 -4.79363968e-02 6.97220871e-01 1.51222124e-01 1.11387214e-05 1.99524515e-01 -4.22521627e-05 2.03800892e-10 
 -4.91796726e-02 6.97598188e-01 1.51266710e-01 1.12292595e-05 2.00344911e-01 -4.13657634e-05 2.05457431e-10 
 -5.04754397e-02 6.97996406e-01 1.51312864e-01 1.13727727e-05 2.01195284e-01 -4.04871135e-05 2.08083237e-10 
 -5.18142153e-02 6.98414164e-01 1.51354704e-01 1.15679931e-05 2.02073404e-01 -3.96254802e-05 2.11655111e-10 
 -5.31994183e-02 6.98849136e-01 1.51399685e-01 1.18132762e-05 2.02977553e-01 -3.87682772e-05 2.16142961e-10 
 -5.48667115e-02 6.99313377e-01 1.51678184e-01 1.21043099e-05 2.03900947e-01 -3.79003534e-05 2.21467892e-10 
 -5.72279973e-02 6.99991011e-01 1.52571141e-01 1.23942546e-05 2.04688996e-01 -3.55458769e-05 2.26772899e-10 
 -5.32492616e-02 6.99564656e-01 1.47361087e-01 1.30864917e-05 2.06363988e-01 -5.35568128e-05 2.39438494e-10 
 1.99805139e-05 6.97933878e-01 9.57820836e-02 1.41983887e-05 1.87527451e-01 1.87224079e-02 2.59782444e-10 
 7.94287354e-05 6.97632907e-01 9.42256135e-02 1.48909184e-05 1.90757758e-01 1.72894011e-02 2.72453394e-10 
 6.33896039e-05 6.98265017e-01 9.28521326e-02 1.53178036e-05 1.90576946e-01 1.82271968e-02 2.80263948e-10 
 6.29252145e-05 6.98623500e-01 9.14243466e-02 1.59026726e-05 1.91184871e-01 1.86884542e-02 2.90965070e-10 
 6.04544641e-05 6.99021254e-01 8.99755348e-02 1.65257055e-05 1.91767570e-01 1.91586604e-02 3.02364464e-10 
 5.81852567e-05 6.99416836e-01 8.85068935e-02 1.72123896e-05 1.92357727e-01 1.96431456e-02 3.14928457e-10 
 5.59698940e-05 6.99813028e-01 8.70200895e-02 1.79589073e-05 1.92954376e-01 2.01385771e-02 3.28587204e-10 
 5.38396660e-05 7.00209655e-01 8.55159050e-02 1.87688587e-05 1.93557726e-01 2.06441056e-02 3.43406573e-10 
 6.93480233e-05 7.00605903e-01 8.39787790e-02 1.96447263e-05 1.94160660e-01 2.11656647e-02 3.59431984e-10 
 9.21019589e-05 7.01001715e-01 8.24195919e-02 2.05894648e-05 1.94767349e-01 2.16986521e-02 3.76717500e-10 
 1.19341908e-04 7.01397144e-01 8.08420627e-02 2.16062318e-05 1.95377625e-01 2.22422202e-02 3.95320895e-10 
 1.51259042e-04 7.01791892e-01 7.92470601e-02 2.26987325e-05 1.95991089e-01 2.27960012e-02 4.15309958e-10 
 1.87939430e-04 7.02185686e-01 7.76354991e-02 2.38710039e-05 1.96607420e-01 2.33595842e-02 4.36758556e-10 
 2.29358886e-04 7.02578266e-01 7.60083609e-02 2.51274502e-05 1.97226310e-01 2.39325767e-02 4.59747271e-10 
 2.75384334e-04 7.02969376e-01 7.43667027e-02 2.64728521e-05 1.97847494e-01 2.45145692e-02 4.84363570e-10 
 3.25778616e-04 7.03358763e-01 7.27116612e-02 2.79123767e-05 1.98470750e-01 2.51051341e-02 5.10701996e-10 
 3.80208620e-04 7.03746175e-01 7.10444524e-02 2.94515833e-05 1.99095886e-01 2.57038252e-02 5.38864267e-10 
 4.38255900e-04 7.04131360e-01 6.93663670e-02 3.10964232e-05 1.99722742e-01 2.63101782e-02 5.68959269e-10 
 4.99429038e-04 7.04514061e-01 6.76787641e-02 3.28532330e-05 2.00351180e-01 2.69237118e-02 6.01102941e-10 
 5.63177063e-04 7.04894022e-01 6.59830620e-02 3.47287199e-05 2.00981079e-01 2.75439300e-02 6.35418001e-10 
 6.28903292e-04 7.05270980e-01 6.42807290e-02 3.67299379e-05 2.01612333e-01 2.81703244e-02 6.72033514e-10 
 6.95979101e-04 7.05644667e-01 6.25732730e-02 3.88642540e-05 2.02244840e-01 2.88023763e-02 7.11084274e-10 
 7.63757190e-04 7.06014808e-01 6.08622316e-02 4.11393041e-05 2.02878505e-01 2.94395589e-02 7.52709989e-10 
 8.31584034e-04 7.06381121e-01 5.91491624e-02 4.35629372e-05 2.03513228e-01 3.00813402e-02 7.97054270e-10 
 8.98811294e-04 7.06743319e-01 5.74356352e-02 4.61431496e-05 2.04148907e-01 3.07271839e-02 8.44263420e-10 
 9.64806047e-04 7.07101102e-01 5.57232239e-02 4.88880077e-05 2.04785428e-01 3.13765516e-02 8.94485031e-10 
 1.02895976e-03 7.07454165e-01 5.40135013e-02 5.18055624e-05 2.05422664e-01 3.20289035e-02 9.47866405e-10 
 1.09069600e-03 7.07802191e-01 5.23080347e-02 5.49037541e-05 2.06060474e-01 3.26836992e-02 1.00455282e-09 
 1.14947688e-03 7.08144855e-01 5.06083833e-02 5.81903108e-05 2.06698696e-01 3.33403974e-02 1.06468569e-09 
 1.20480835e-03 7.08481820e-01 4.89160971e-02 6.16726422e-05 2.07337145e-01 3.39984559e-02 1.12840056e-09 
 1.25624438e-03 7.08812737e-01 4.72327182e-02 6.53577291e-05 2.07975611e-01 3.46573303e-02 1.19582518e-09 
 1.30339016e-03 7.09137247e-01 4.55597825e-02 6.92520136e-05 2.08613855e-01 3.53164724e-02 1.26707740e-09 
 1.34590438e-03 7.09454974e-01 4.38988236e-02 7.33612891e-05 2.09251606e-01 3.59753288e-02 1.34226323e-09 
 1.38350072e-03 7.09765533e-01 4.22513772e-02 7.76905950e-05 2.09888559e-01 3.66333380e-02 1.42147487e-09 
 1.41594864e-03 7.10068521e-01 4.06189862e-02 8.22441163e-05 2.10524371e-01 3.72899279e-02 1.50478889e-09 
 1.44307357e-03 7.10363523e-01 3.90032064e-02 8.70250914e-05 2.11158657e-01 3.79445128e-02 1.59226455e-09 
 1.46475651e-03 7.10650110e-01 3.74056119e-02 9.20357288e-05 2.11790994e-01 3.85964903e-02 1.68394225e-09 
 1.48093320e-03 7.10927840e-01 3.58277994e-02 9.72771350e-05 2.12420911e-01 3.92452375e-02 1.77984224e-09 
 1.49159276e-03 7.11196263e-01 3.42713925e-02 1.02749253e-04 2.13047892e-01 3.98901081e-02 1.87996348e-09 
 1.49677604e-03 7.11454922e-01 3.27380433e-02 1.08450816e-04 2.13671378e-01 4.05304285e-02 1.98428277e-09 
 1.49657344e-03 7.11703357e-01 3.12294330e-02 1.14379308e-04 2.14290760e-01 4.11654949e-02 2.09275411e-09 
 1.49112254e-03 7.11941116e-01 2.97472697e-02 1.20530947e-04 2.14905389e-01 4.17945695e-02 2.20530827e-09 
 1.48060520e-03 7.12167758e-01 2.82932838e-02 1.26900668e-04 2.15514572e-01 4.24168780e-02 2.32185260e-09 
 1.46524445e-03 7.12382865e-01 2.68692216e-02 1.33482126e-04 2.16117578e-01 4.30316065e-02 2.44227101e-09 
 1.44530101e-03 7.12586051e-01 2.54768346e-02 1.40267708e-04 2.16713644e-01 4.36378991e-02 2.56642418e-09 
 1.42106949e-03 7.12776978e-01 2.41178683e-02 1.47248545e-04 2.17301978e-01 4.42348554e-02 2.69414987e-09 
 1.39287436e-03 7.12955366e-01 2.27940468e-02 1.54414542e-04 2.17881767e-01 4.48215288e-02 2.82526335e-09 
 1.36106567e-03 7.13121010e-01 2.15070570e-02 1.61754401e-04 2.18452185e-01 4.53969248e-02 2.95955792e-09 
 1.32601450e-03 7.13273795e-01 2.02585301e-02 1.69255651e-04 2.19012402e-01 4.59599995e-02 3.09680540e-09 
 1.28810845e-03 7.13413711e-01 1.90500225e-02 1.76904676e-04 2.19561592e-01 4.65096582e-02 3.23675666e-09 
 1.24774683e-03 7.13540871e-01 1.78829966e-02 1.84686735e-04 2.20098941e-01 4.70447546e-02 3.37914200e-09 
 1.20533606e-03 7.13655524e-01 1.67588008e-02 1.92585976e-04 2.20623660e-01 4.75640899e-02 3.52367137e-09 
 1.16128503e-03 7.13758072e-01 1.56786515e-02 2.00585440e-04 2.21134991e-01 4.80664113e-02 3.67003447e-09 
 1.11600062e-03 7.13849084e-01 1.46436153e-02 2.08667046e-04 2.21632218e-01 4.85504113e-02 3.81790050e-09 
 1.06988356e-03 7.13929308e-01 1.36545939e-02 2.16811561e-04 2.22114673e-01 4.90147259e-02 3.96691755e-09 
 1.02332445e-03 7.13999682e-01 1.27123109e-02 2.24998545e-04 2.22581747e-01 4.94579329e-02 4.11671164e-09 
 9.76700375e-04 7.14061347e-01 1.18173026e-02 2.33206270e-04 2.23032890e-01 4.98785491e-02 4.26688522e-09 
 9.30371779e-04 7.14115652e-01 1.09699104e-02 2.41411606e-04 2.23467623e-01 5.02750273e-02 4.41701509e-09 
 8.84680036e-04 7.14164161e-01 1.01702784e-02 2.49589869e-04 2.23885535e-01 5.06457514e-02 4.56664963e-09 
 8.39945493e-04 7.14208659e-01 9.41835348e-03 2.57714634e-04 2.24286291e-01 5.09890312e-02 4.71530531e-09 
 7.96466177e-04 7.14251159e-01 8.71388994e-03 2.65757488e-04 2.24669627e-01 5.13030954e-02 4.86246230e-09 
 7.54517139e-04 7.14293897e-01 8.05645735e-03 2.73687738e-04 2.25035353e-01 5.15860827e-02 5.00755904e-09 
 7.14350484e-04 7.14339342e-01 7.44545227e-03 2.81472055e-04 2.25383346e-01 5.18360313e-02 5.14998570e-09 
 6.76196102e-04 7.14390194e-01 6.88011337e-03 2.89074048e-04 2.25713550e-01 5.20508668e-02 5.28907642e-09 
 6.40263127e-04 7.14449385e-01 6.35953968e-03 2.96453754e-04 2.26025967e-01 5.22283863e-02 5.42410005e-09 
 6.06742143e-04 7.14520082e-01 5.88271179e-03 3.03567052e-04 2.26320650e-01 5.23662417e-02 5.55424933e-09 
 5.75808185e-04 7.14605692e-01 5.44851568e-03 3.10364972e-04 2.26597695e-01 5.24619185e-02 5.67862826e-09 
 5.47624581e-04 7.14709866e-01 5.05576889e-03 3.16792896e-04 2.26857230e-01 5.25127121e-02 5.79623751e-09 
 5.22347731e-04 7.14836505e-01 4.70324882e-03 3.22789643e-04 2.27099403e-01 5.25156993e-02 5.90595767e-09 
 5.00132938e-04 7.14989774e-01 4.38972300e-03 3.28286425e-04 2.27324371e-01 5.24677066e-02 6.00653017e-09 
 4.81141500e-04 7.15174113e-01 4.11398124e-03 3.33205666e-04 2.27532281e-01 5.23652714e-02 6.09653562e-09 
 4.65549330e-04 7.15394260e-01 3.87486966e-03 3.37459678e-04 2.27723257e-01 5.22045980e-02 6.17436964e-09 
 4.53557527e-04 7.15655276e-01 3.67132698e-03 3.40949188e-04 2.27897380e-01 5.19815045e-02 6.23821587e-09 
 4.45405472e-04 7.15962578e-01 3.50242326e-03 3.43561727e-04 2.28054664e-01 5.16913611e-02 6.28601649e-09 
 4.41387335e-04 7.16321985e-01 3.36740198e-03 3.45169885e-04 2.28195035e-01 5.13290146e-02 6.31544034e-09 
 4.41873216e-04 7.16739772e-01 3.26572630e-03 3.45629467e-04 2.28318294e-01 5.08886983e-02 6.32384912e-09 
 4.47336747e-04 7.17222742e-01 3.19713098e-03 3.44777589e-04 2.28424085e-01 5.03639209e-02 6.30826263e-09 
 4.58391880e-04 7.17778316e-01 3.16168174e-03 3.42430793e-04 2.28511843e-01 4.97473297e-02 6.26532421e-09 
 4.75842891e-04 7.18414648e-01 3.15984459e-03 3.38383286e-04 2.28580736e-01 4.90305397e-02 6.19126854e-09 
 5.00753830e-04 7.19140767e-01 3.19256814e-03 3.32405446e-04 2.28629582e-01 4.82039179e-02 6.08189430e-09 
 5.34547086e-04 7.19966770e-01 3.26138306e-03 3.24242855e-04 2.28656744e-01 4.72563071e-02 5.93254652e-09 
 5.79146513e-04 7.20904059e-01 3.36852315e-03 3.13616057e-04 2.28659979e-01 4.61746696e-02 5.73811211e-09 
 6.37190411e-04 7.21965653e-01 3.51707344e-03 3.00221683e-04 2.28636235e-01 4.49436214e-02 5.49304040e-09 
 7.12357373e-04 7.23166594e-01 3.71114898e-03 2.83734909e-04 2.28581346e-01 4.35448141e-02 5.19138825e-09 
 8.09875868e-04 7.24524487e-01 3.95610815e-03 2.63815279e-04 2.28489602e-01 4.19561066e-02 4.82692646e-09 
 9.37390447e-04 7.26060244e-01 4.25876252e-03 2.40113747e-04 2.28352976e-01 4.01505090e-02 4.39326867e-09 
 1.10609477e-03 7.27798676e-01 4.62789764e-03 2.12289194e-04 2.28161153e-01 3.80938850e-02 3.88417354e-09 
 1.33614732e-03 7.29771732e-01 5.07153193e-03 1.80021886e-04 2.27890303e-01 3.57502607e-02 3.29379106e-09 
 1.63096041e-03 7.32011590e-01 5.62238279e-03 1.43050022e-04 2.27573341e-01 3.30186738e-02 2.61733111e-09 
 2.31574578e-03 7.34552809e-01 6.02742763e-03 1.01352595e-04 2.27127664e-01 2.98749991e-02 1.85440937e-09 
 5.84674981e-04 7.37530978e-01 9.01456472e-03 5.42411825e-05 2.27497304e-01 2.53182363e-02 9.92430008e-10 
