 T, h at the stagnation point                                                                                                                                                                                                                                                                               
   350.000000000000        3739494.21000000     
   557.723055000000        3985371.43000000     
   759.241327000000        4250722.87000000     
   955.098660000000        4532155.49000000     
   1145.62612000000        4827091.97000000     
   1330.96627000000        5133416.93000000     
   1511.15013000000        5449493.69000000     
   1686.19796000000        5774043.25000000     
   1856.20868000000        6106064.32000000     
   2021.38563000000        6444773.25000000     
   2182.01625000000        6789556.15000000     
   2338.47133000000        7139932.85000000     
   2491.18545000000        7495527.77000000     
   2640.62958000000        7856042.80000000     
   2787.25155000000        8221225.18000000     
   2931.41615000000        8590835.64000000     
   3073.37162000000        8964626.27000000     
   3213.24665000000        9342328.65000000     
   3351.06845000000        9723649.99000000     
   3486.78875000000        10108273.5000000     
   3620.30825000000        10495860.1000000     
   3751.49548000000        10886050.4000000     
   3880.19979000000        11278465.9000000     
   4006.25982000000        11672710.1000000     
   4129.50912000000        12068368.9000000     
   4249.78008000000        12465011.6000000     
   4366.90704000000        12862191.6000000     
   4480.72885000000        13259447.4000000     
   4591.09137000000        13656303.7000000     
   4697.84975000000        14052272.2000000     
   4800.87076000000        14446853.5000000     
   4900.03513000000        14839538.3000000     
   4995.23980000000        15229808.8000000     
   5086.40007000000        15617140.8000000     
   5173.45162000000        16001005.2000000     
   5256.35214000000        16380870.3000000     
   5335.08265000000        16756203.5000000     
   5409.64818000000        17126473.8000000     
   5480.07806000000        17491154.3000000     
   5546.42539000000        17849724.2000000     
   5608.76604000000        18201672.4000000     
   5667.19698000000        18546499.8000000     
   5721.83421000000        18883722.8000000     
   5772.81017000000        19212876.7000000     
   5820.27098000000        19533519.2000000     
   5864.37350000000        19845234.3000000     
   5905.28238000000        20147635.7000000     
   5943.16719000000        20440370.8000000     
   5978.19976000000        20723124.4000000     
   6010.55177000000        20995621.6000000     
   6040.39266000000        21257630.9000000     
   6067.88787000000        21508967.0000000     
   6093.19738000000        21749492.3000000     
   6116.47469000000        21979118.5000000     
   6137.86599000000        22197807.2000000     
   6157.50966000000        22405569.6000000     
   6175.53599000000        22602465.8000000     
   6192.06714000000        22788603.5000000     
   6207.21722000000        22964135.8000000     
   6221.09250000000        23129258.1000000     
   6233.79175000000        23284205.6000000     
   6245.40655000000        23429248.8000000     
   6256.02180000000        23564690.5000000     
   6265.71607000000        23690860.5000000     
   6274.56206000000        23808112.4000000     
   6282.62706000000        23916818.5000000     
   6289.97332000000        24017365.6000000     
   6296.65844000000        24110151.1000000     
   6302.73574000000        24195578.9000000     
   6308.25462000000        24274055.6000000     
   6313.26081000000        24345987.0000000     
   6317.79667000000        24411775.0000000     
   6321.90146000000        24471815.2000000     
   6325.61154000000        24526493.7000000     
   6328.96058000000        24576185.8000000     
   6331.97977000000        24621253.8000000     
   6334.69794000000        24662045.5000000     
   6337.14178000000        24698893.6000000     
   6339.33593000000        24732114.3000000     
   6341.30315000000        24762007.4000000     
   6343.06440000000        24788855.2000000     
   6344.63899000000        24812923.2000000     
   6346.04469000000        24834459.6000000     
   6347.29780000000        24853696.0000000     
   6348.41327000000        24870847.5000000     
   6349.40478000000        24886113.2000000     
   6350.28484000000        24899677.1000000     
   6351.06486000000        24911708.2000000     
   6351.75522000000        24922361.9000000     
   6352.36537000000        24931780.3000000     
   6352.90387000000        24940093.0000000     
   6353.37849000000        24947417.8000000     
   6353.79625000000        24953862.0000000     
   6354.16346000000        24959522.4000000     
   6354.48584000000        24964486.7000000     
   6354.76852000000        24968833.8000000     
   6355.01607000000        24972634.5000000     
   6355.23263000000        24975952.6000000     
   6355.42185000000        24978844.9000000     
   6355.58699000000        24981362.4000000     
 Species at the stagnation point                                                                                                                                                                                                                                                                            
  1.648175790000000E-002  0.764597773000000       4.090734740000000E-003
  6.934201000000000E-006  0.213550600000000       1.272200230000000E-003
  1.268724030000000E-010
  1.571948400000000E-002  0.764676495000000       4.001073480000000E-003
  7.047556120000000E-006  0.214129002000000       1.466898520000000E-003
  1.289464180000000E-010
  1.412765740000000E-002  0.764741474000000       3.779196790000000E-003
  7.337601590000000E-006  0.215336200000000       2.008134830000000E-003
  1.342532680000000E-010
  1.219248360000000E-002  0.764635617000000       3.461514630000000E-003
  7.766038059999999E-006  0.216810679000000       2.891939680000000E-003
  1.420922050000000E-010
  1.017610810000000E-002  0.764226785000000       3.076075520000000E-003
  8.318569500000000E-006  0.218369987000000       4.142726210000000E-003
  1.522016590000000E-010
  8.238487370000000E-003  0.763412672000000       2.652171040000000E-003
  8.989581200000001E-006  0.219899484000000       5.788195320000000E-003
  1.644789020000000E-010
  6.479012350000000E-003  0.762116761000000       2.220435630000000E-003
  9.779765470000000E-006  0.221325751000000       7.848259740000000E-003
  1.789365990000000E-010
  4.949869940000000E-003  0.760293476000000       1.809281310000000E-003
  1.069409030000000E-005  0.222606836000000       1.032984190000000E-002
  1.956656480000000E-010
  3.664451350000000E-003  0.757929464000000       1.442082130000000E-003
  1.174145370000000E-005  0.223726563000000       1.322569810000000E-002
  2.148288510000000E-010
  2.607237070000000E-003  0.755038495000000       1.136182570000000E-003
  1.293465900000000E-005  0.224688661000000       1.651648930000000E-002
  2.366604700000000E-010
  1.757398650000000E-003  0.751648974000000       8.961313400000000E-004
  1.429093620000000E-005  0.225505665000000       2.017753910000000E-002
  2.614757500000000E-010
  1.121834990000000E-003  0.747793890000000       7.005633950000000E-004
  1.583294240000000E-005  0.226177928000000       2.418995050000000E-002
  2.896892430000000E-010
  6.830209359999999E-004  0.743514094000000       5.400017480000000E-004
  1.758798500000000E-005  0.226719413000000       2.852588200000000E-002
  3.218005830000000E-010
  4.017121070000000E-004  0.738859187000000       4.143851320000000E-004
  1.958878480000000E-005  0.227153723000000       3.315140400000000E-002
  3.584084440000000E-010
  2.328237750000000E-004  0.733881155000000       3.245310930000000E-004
  2.187425940000000E-005  0.227507554000000       3.803206170000000E-002
  4.002248930000000E-010
  1.366701580000000E-004  0.728627510000000       2.686978240000000E-004
  2.449007500000000E-005  0.227805209000000       4.313742240000000E-002
  4.480854610000000E-010
  8.377142900000000E-005  0.723136894000000       2.429191240000000E-004
  2.748873150000000E-005  0.228065585000000       4.844334110000000E-002
  5.029507230000000E-010
  5.491438510000000E-005  0.717437906000000       2.426204710000000E-004
  3.092914810000000E-005  0.228301578000000       5.393205150000000E-002
  5.658987000000000E-010
  3.884548110000000E-005  0.711550364000000       2.639464840000000E-004
  3.487568880000000E-005  0.228521022000000       5.959094550000000E-002
  6.381070330000000E-010
  2.951318650000000E-005  0.705487687000000       3.042785530000000E-004
  3.939661000000000E-005  0.228728174000000       6.541094990000000E-002
  7.208245870000000E-010
  2.385530070000000E-005  0.699259307000000       3.620968680000000E-004
  4.456194430000000E-005  0.228925094000000       7.138508450000000E-002
  8.153327170000000E-010
  2.036563450000000E-005  0.692872572000000       4.365486640000000E-004
  5.044088830000000E-005  0.229112656000000       7.750741500000000E-002
  9.228974900000000E-010
  1.829289900000000E-005  0.686334021000000       5.270046120000000E-004
  5.709882980000000E-005  0.229291198000000       8.377238400000001E-002
  1.044715280000000E-009
  1.723832090000000E-005  0.679650146000000       6.327331850000000E-004
  6.459420310000001E-005  0.229460870000000       9.017441760000000E-002
  1.181855230000000E-009
  1.696721760000000E-005  0.672827812000000       7.527134590000000E-004
  7.297540110000000E-005  0.229621828000000       9.670770280000000E-002
  1.335202780000000E-009
  1.732334790000000E-005  0.665874465000000       8.855589990000000E-004
  8.227797740000000E-005  0.229774312000000       0.103366062000000     
  1.505408440000000E-009
  1.818950940000000E-005  0.658798218000000       1.029517210000000E-003
  9.252235380000000E-005  0.229918676000000       0.110142875000000     
  1.692845840000000E-009
  1.946868910000000E-005  0.651607879000000       1.182515480000000E-003
  1.037121960000000E-004  0.230055388000000       0.117031034000000     
  1.897582070000000E-009
  2.107477050000000E-005  0.644312943000000       1.342234510000000E-003
  1.158335640000000E-004  0.230185011000000       0.124022901000000     
  2.119362070000000E-009
  2.292808240000000E-005  0.636923566000000       1.506195670000000E-003
  1.288548650000000E-004  0.230308174000000       0.131110279000000     
  2.357607790000000E-009
  2.495361640000000E-005  0.629450542000000       1.671853410000000E-003
  1.427275790000000E-004  0.230425549000000       0.138284372000000     
  2.611431500000000E-009
  2.708076890000000E-005  0.621905278000000       1.836686220000000E-003
  1.573876680000000E-004  0.230537809000000       0.145535755000000     
  2.879661490000000E-009
  2.924392130000000E-005  0.614299773000000       1.998281200000000E-003
  1.727575310000000E-004  0.230645605000000       0.152854336000000     
  3.160877960000000E-009
  3.138340250000000E-005  0.606646606000000       2.154408510000000E-003
  1.887483750000000E-004  0.230749530000000       0.160229320000000     
  3.453456250000000E-009
  3.344652370000000E-005  0.598958929000000       2.303083030000000E-003
  2.052628170000000E-004  0.230850099000000       0.167649176000000     
  3.755614630000000E-009
  3.538847250000000E-005  0.591250456000000       2.442611330000000E-003
  2.221976040000000E-004  0.230947727000000       0.175101615000000     
  4.065463900000000E-009
  3.717293200000000E-005  0.583535455000000       2.571623270000000E-003
  2.394462920000000E-004  0.231042715000000       0.182573583000000     
  4.381056500000000E-009
  3.877235540000000E-005  0.575828723000000       2.689087910000000E-003
  2.569017920000000E-004  0.231135246000000       0.190051265000000     
  4.700433060000000E-009
  4.016787380000000E-005  0.568145555000000       2.794314610000000E-003
  2.744586930000000E-004  0.231225380000000       0.197520119000000     
  5.021664910000000E-009
  4.134886070000000E-005  0.560501690000000       2.886940780000000E-003
  2.920153010000000E-004  0.231313060000000       0.204964940000000     
  5.342891400000000E-009
  4.231220240000000E-005  0.552913235000000       2.966908180000000E-003
  3.094753590000000E-004  0.231398126000000       0.212369938000000     
  5.662351340000000E-009
  4.306134510000000E-005  0.545396567000000       3.034430390000000E-003
  3.267494160000000E-004  0.231480324000000       0.219718862000000     
  5.978408110000000E-009
  4.360519970000000E-005  0.537968211000000       3.089953970000000E-003
  3.437558640000000E-004  0.231559328000000       0.226995139000000     
  6.289568530000000E-009
  4.395698080000000E-005  0.530644695000000       3.134116120000000E-003
  3.604216330000000E-004  0.231634761000000       0.234182043000000     
  6.594495680000000E-009
  4.413305640000000E-005  0.523442386000000       3.167701300000000E-003
  3.766825800000000E-004  0.231706212000000       0.241262878000000     
  6.892015950000000E-009
  4.415186350000000E-005  0.516377319000000       3.191598930000000E-003
  3.924836030000000E-004  0.231773261000000       0.248221179000000     
  7.181121200000000E-009
  4.403293820000000E-005  0.509465006000000       3.206764110000000E-003
  4.077785240000000E-004  0.231835497000000       0.255040915000000     
  7.460966470000000E-009
  4.379608510000000E-005  0.502720253000000       3.214182420000000E-003
  4.225297680000000E-004  0.231892536000000       0.261706695000000     
  7.730864290000000E-009
  4.346070200000000E-005  0.496156981000000       3.214839820000000E-003
  4.367079010000000E-004  0.231944038000000       0.268203964000000     
  7.990276130000001E-009
  4.304525900000000E-005  0.489788053000000       3.209697770000000E-003
  4.502910580000000E-004  0.231989719000000       0.274519186000000     
  8.238801920000000E-009
  4.256692350000000E-005  0.483625120000000       3.199673870000000E-003
  4.632642990000000E-004  0.232029357000000       0.280640010000000     
  8.476168290000000E-009
  4.204131600000000E-005  0.477678491000000       3.185627420000000E-003
  4.756189270000000E-004  0.232062804000000       0.286555408000000     
  8.702216159999999E-009
  4.148237610000000E-005  0.471957026000000       3.168349650000000E-003
  4.873518040000000E-004  0.232089988000000       0.292255794000000     
  8.916888100000000E-009
  4.090231890000000E-005  0.466468051000000       3.148557880000000E-003
  4.984646740000000E-004  0.232110909000000       0.297733106000000     
  9.120215989999999E-009
  4.031166140000000E-005  0.461217313000000       3.126893090000000E-003
  5.089635140000000E-004  0.232125646000000       0.302980863000000     
  9.312309220000000E-009
  3.971929900000000E-005  0.456208955000000       3.103920030000000E-003
  5.188579320000000E-004  0.232134345000000       0.307994193000000     
  9.493343570000000E-009
  3.913261830000000E-005  0.451445522000000       3.080129490000000E-003
  5.281606060000000E-004  0.232137218000000       0.312769828000000     
  9.663551020000000E-009
  3.855762960000000E-005  0.446927994000000       3.055942060000000E-003
  5.368867780000000E-004  0.232134535000000       0.317306074000000     
  9.823210420000000E-009
  3.799911060000000E-005  0.442655844000000       3.031712890000000E-003
  5.450537920000000E-004  0.232126618000000       0.321602762000000     
  9.972639110000000E-009
  3.746075310000000E-005  0.438627118000000       3.007737080000000E-003
  5.526806850000000E-004  0.232113828000000       0.325661165000000     
  1.011218550000000E-008
  3.694530460000000E-005  0.434838528000000       2.984255480000000E-003
  5.597878280000000E-004  0.232096563000000       0.329483909000000     
  1.024222210000000E-008
  3.645470360000000E-005  0.431285569000000       2.961460400000000E-003
  5.663965960000000E-004  0.232075245000000       0.333074864000000     
  1.036314020000000E-008
  3.599020370000000E-005  0.427962636000000       2.939501370000000E-003
  5.725290870000000E-004  0.232050311000000       0.336439022000000     
  1.047534400000000E-008
  3.555248630000000E-005  0.424863158000000       2.918490540000000E-003
  5.782078730000001E-004  0.232022208000000       0.339582372000000     
  1.057924660000000E-008
  3.514176160000000E-005  0.421979733000000       2.898507790000000E-003
  5.834557760000000E-004  0.231991383000000       0.342511768000000     
  1.067526540000000E-008
  3.475785690000000E-005  0.419304259000000       2.879605480000000E-003
  5.882956750000000E-004  0.231958279000000       0.345234793000000     
  1.076381920000000E-008
  3.440029380000000E-005  0.416828069000000       2.861812660000000E-003
  5.927503380000000E-004  0.231923325000000       0.347759632000000     
  1.084532440000000E-008
  3.406835450000000E-005  0.414542063000000       2.845139020000000E-003
  5.968422760000000E-004  0.231886934000000       0.350094942000000     
  1.092019310000000E-008
  3.376113850000000E-005  0.412436827000000       2.829578280000000E-003
  6.005936070000000E-004  0.231849500000000       0.352249729000000     
  1.098882970000000E-008
  3.347761070000000E-005  0.410502749000000       2.815111290000000E-003
  6.040259470000000E-004  0.231811390000000       0.354233235000000     
  1.105162990000000E-008
  3.321664120000000E-005  0.408730126000000       2.801708600000000E-003
  6.071603220000000E-004  0.231772946000000       0.356054831000000     
  1.110897840000000E-008
  3.297703870000000E-005  0.407109260000000       2.789332890000000E-003
  6.100170830000000E-004  0.231734478000000       0.357723924000000     
  1.116124740000000E-008
  3.275757840000000E-005  0.405630540000000       2.777940830000000E-003
  6.126158390000000E-004  0.231696268000000       0.359249867000000     
  1.120879590000000E-008
  3.255702350000000E-005  0.404284521000000       2.767484890000000E-003
  6.149754120000000E-004  0.231658568000000       0.360641882000000     
  1.125196800000000E-008
  3.237414420000000E-005  0.403061986000000       2.757914690000000E-003
  6.171137860000000E-004  0.231621599000000       0.361909002000000     
  1.129109310000000E-008
  3.220773120000000E-005  0.401954000000000       2.749178250000000E-003
  6.190480879999999E-004  0.231585550000000       0.363060005000000     
  1.132648420000000E-008
  3.205660700000000E-005  0.400951955000000       2.741222930000000E-003
  6.207945610000000E-004  0.231550584000000       0.364103376000000     
  1.135843880000000E-008
  3.191963500000000E-005  0.400047604000000       2.733996290000000E-003
  6.223685590000000E-004  0.231516834000000       0.365047266000000     
  1.138723760000000E-008
  3.179572500000000E-005  0.399233088000000       2.727446750000000E-003
  6.237845450000000E-004  0.231484407000000       0.365899467000000     
  1.141314540000000E-008
  3.168383800000000E-005  0.398500953000000       2.721524030000000E-003
  6.250560940000000E-004  0.231453387000000       0.366667384000000     
  1.143641040000000E-008
  3.158298940000000E-005  0.397844164000000       2.716179640000000E-003
  6.261959100000000E-004  0.231423834000000       0.367358032000000     
  1.145726520000000E-008
  3.149225030000000E-005  0.397256108000000       2.711367100000000E-003
  6.272158430000000E-004  0.231395789000000       0.367978016000000     
  1.147592650000000E-008
  3.141074810000000E-005  0.396730595000000       2.707042230000000E-003
  6.281269160000000E-004  0.231369273000000       0.368533540000000     
  1.149259610000000E-008
  3.133766690000000E-005  0.396261854000000       2.703163220000000E-003
  6.289393460000000E-004  0.231344292000000       0.369030403000000     
  1.150746080000000E-008
  3.127224590000000E-005  0.395844524000000       2.699690750000000E-003
  6.296625770000000E-004  0.231320836000000       0.369474004000000     
  1.152069340000000E-008
  3.121377860000000E-005  0.395473641000000       2.696588010000000E-003
  6.303053180000000E-004  0.231298883000000       0.369869357000000     
  1.153245340000000E-008
  3.116161080000000E-005  0.395144628000000       2.693820700000000E-003
  6.308755770000000E-004  0.231278402000000       0.370221100000000     
  1.154288720000000E-008
  3.111513860000000E-005  0.394853273000000       2.691356980000000E-003
  6.313806970000000E-004  0.231259351000000       0.370533511000000     
  1.155212920000000E-008
  3.107380630000000E-005  0.394595716000000       2.689167410000000E-003
  6.318273930000000E-004  0.231241682000000       0.370810522000000     
  1.156030220000000E-008
  3.103710340000000E-005  0.394368429000000       2.687224870000000E-003
  6.322217950000001E-004  0.231225340000000       0.371055736000000     
  1.156751850000000E-008
  3.100456290000000E-005  0.394168195000000       2.685504450000000E-003
  6.325694829999999E-004  0.231210266000000       0.371272449000000     
  1.157388000000000E-008
  3.097575790000000E-005  0.393992090000000       2.683983340000000E-003
  6.328755310000000E-004  0.231196399000000       0.371463664000000     
  1.157947960000000E-008
  3.095029960000000E-005  0.393837465000000       2.682640750000000E-003
  6.331445440000000E-004  0.231183675000000       0.371632113000000     
  1.158440160000000E-008
  3.092783460000000E-005  0.393701923000000       2.681457720000000E-003
  6.333807060000000E-004  0.231172028000000       0.371780272000000     
  1.158872260000000E-008
  3.090804230000000E-005  0.393583302000000       2.680417060000000E-003
  6.335878330000000E-004  0.231161392000000       0.371910382000000     
  1.159251230000000E-008
  3.089063250000000E-005  0.393479658000000       2.679503190000000E-003
  6.337694310000000E-004  0.231151702000000       0.372024465000000     
  1.159583500000000E-008
  3.087534310000000E-005  0.393389247000000       2.678702060000000E-003
  6.339287850000000E-004  0.231142894000000       0.372124341000000     
  1.159875060000000E-008
  3.086193800000000E-005  0.393310504000000       2.678001000000000E-003
  6.340690900000000E-004  0.231134905000000       0.372211647000000     
  1.160131770000000E-008
  3.085020930000000E-005  0.393242033000000       2.677388880000000E-003
  6.341936870000000E-004  0.231127673000000       0.372287849000000     
  1.160359740000000E-008
  3.084000730000000E-005  0.393182590000000       2.676857640000000E-003
  6.343064359999999E-004  0.231121136000000       0.372354258000000     
  1.160566030000000E-008
