 T, h at the stagnation point                                                                                                                                                                                                                                                                               
   350.000000000000        1096726.19000000     
   467.957121000000        1286938.35000000     
   591.298595000000        1489859.59000000     
   718.376976000000        1704576.40000000     
   848.207822000000        1930277.63000000     
   980.299535000000        2166245.87000000     
   1114.41739000000        2411861.20000000     
   1250.42568000000        2666591.45000000     
   1388.20807000000        2929975.97000000     
   1527.63538000000        3201610.57000000     
   1668.55514000000        3481133.85000000     
   1810.79030000000        3768216.23000000     
   1954.14138000000        4062551.81000000     
   2098.38258000000        4363843.06000000     
   2243.21823000000        4671777.70000000     
   2388.29240000000        4986021.72000000     
   2533.21054000000        5306226.15000000     
   2677.54306000000        5632028.84000000     
   2820.82754000000        5963053.68000000     
   2962.57317000000        6298911.71000000     
   3102.26745000000        6639203.82000000     
   3239.38542000000        6983524.67000000     
   3373.40133000000        7331467.79000000     
   3503.80238000000        7682631.28000000     
   3630.10379000000        8036623.85000000     
   3751.86450000000        8393070.38000000     
   3868.70218000000        8751616.81000000     
   3980.30655000000        9111933.43000000     
   4086.44973000000        9473716.52000000     
   4186.99297000000        9836687.91000000     
   4281.88897000000        10200592.6000000     
   4371.17973000000        10565194.5000000     
   4454.99015000000        10930271.0000000     
   4533.51800000000        11295606.4000000     
   4607.02108000000        11660984.8000000     
   4675.80282000000        12026184.2000000     
   4740.19714000000        12390969.8000000     
   4800.55384000000        12755089.5000000     
   4857.22529000000        13118269.9000000     
   4910.55495000000        13480214.0000000     
   4960.86824000000        13840600.2000000     
   5008.46578000000        14199081.7000000     
   5053.61906000000        14555288.6000000     
   5096.56814000000        14908828.7000000     
   5137.52127000000        15259291.5000000     
   5176.65587000000        15606250.3000000     
   5214.12065000000        15949266.7000000     
   5250.03840000000        16287894.3000000     
   5284.50912000000        16621682.9000000     
   5317.61343000000        16950183.0000000     
   5349.41577000000        17272949.8000000     
   5379.96750000000        17589547.9000000     
   5409.30970000000        17899555.3000000     
   5437.47562000000        18202567.4000000     
   5464.49275000000        18498201.1000000     
   5490.38465000000        18786098.3000000     
   5515.17231000000        19065929.0000000     
   5538.87533000000        19337394.5000000     
   5561.51281000000        19600229.9000000     
   5583.10399000000        19854206.3000000     
   5603.66877000000        20099132.4000000     
   5623.22799000000        20334855.5000000     
   5641.80366000000        20561262.7000000     
   5659.41906000000        20778281.0000000     
   5676.09876000000        20985876.7000000     
   5691.86858000000        21184055.3000000     
   5706.75553000000        21372859.9000000     
   5720.78766000000        21552369.8000000     
   5733.99396000000        21722699.0000000     
   5746.40419000000        21883993.3000000     
   5758.04871000000        22036428.6000000     
   5768.95835000000        22180207.6000000     
   5779.16419000000        22315557.4000000     
   5788.69747000000        22442726.4000000     
   5797.58937000000        22561981.3000000     
   5805.87090000000        22673604.3000000     
   5813.57278000000        22777889.9000000     
   5820.72527000000        22875142.3000000     
   5827.35810000000        22965672.5000000     
   5833.50033000000        23049795.8000000     
   5839.18030000000        23127829.4000000     
   5844.42553000000        23200090.1000000     
   5849.26265000000        23266892.3000000     
   5853.71736000000        23328546.0000000     
   5857.81439000000        23385355.6000000     
   5861.57745000000        23437618.0000000     
   5865.02920000000        23485622.0000000     
   5868.19128000000        23529646.5000000     
   5871.08425000000        23569960.5000000     
   5873.72765000000        23606821.9000000     
   5876.13992000000        23640477.2000000     
   5878.33853000000        23671161.3000000     
   5880.33988000000        23699097.2000000     
   5882.15943000000        23724495.7000000     
   5883.81164000000        23747556.1000000     
   5885.31005000000        23768465.5000000     
   5886.66731000000        23787399.7000000     
   5887.89521000000        23804523.1000000     
   5889.00468000000        23819989.2000000     
   5890.00589000000        23833940.7000000     
 Species at the stagnation point                                                                                                                                                                                                                                                                            
  0.249298841000000       0.667366784000000       4.445071500000000E-002
  3.970404300000000E-005  3.858310430000000E-002  2.608504150000000E-004
  7.264495700000000E-010
  0.243096967000000       0.669171295000000       4.451877250000000E-002
  3.997222520000000E-005  4.286376470000000E-002  3.092272190000000E-004
  7.313563970000000E-010
  0.236491145000000       0.671144062000000       4.457583340000000E-002
  4.046027340000000E-005  4.736216240000000E-002  3.863363320000000E-004
  7.402860250000000E-010
  0.229514760000000       0.673270731000000       4.462138840000000E-002
  4.113522730000000E-005  5.205846720000000E-002  4.935177370000000E-004
  7.526353960000000E-010
  0.222198191000000       0.675535754000000       4.465444590000000E-002
  4.197726670000000E-005  5.693614300000000E-002  6.334883550000000E-004
  7.680418670000000E-010
  0.214568654000000       0.677923418000000       4.467393600000000E-002
  4.297346760000000E-005  6.198109880000000E-002  8.099188060000000E-004
  7.862689710000000E-010
  0.206650518000000       0.680418059000000       4.467898690000000E-002
  4.411561750000000E-005  6.718107500000001E-002  1.027245010000000E-003
  8.071664480000000E-010
  0.198465916000000       0.683003911000000       4.466913560000000E-002
  4.539858330000000E-005  7.252507520000000E-002  1.290562500000000E-003
  8.306403780000000E-010
  0.190035347000000       0.685664847000000       4.464452300000000E-002
  4.681943460000000E-005  7.800289930000000E-002  1.605563420000000E-003
  8.566371460000000E-010
  0.181378149000000       0.688384097000000       4.460609650000000E-002
  4.837685780000000E-005  8.360478500000000E-002  1.978494300000000E-003
  8.851327180000000E-010
  0.172512830000000       0.691144006000000       4.455583090000000E-002
  5.007077380000000E-005  8.932113899999999E-002  2.416123340000000E-003
  9.161256480000000E-010
  0.163457213000000       0.693925811000000       4.449702040000000E-002
  5.190207230000000E-005  9.514233810000000E-002  2.925714450000000E-003
  9.496322089999999E-010
  0.154228478000000       0.696709491000000       4.443461740000000E-002
  5.387237560000000E-005  0.101058500000000       3.515040190000000E-003
  9.856820900000001E-010
  0.144845670000000       0.699473265000000       4.437320580000000E-002
  5.598424860000000E-005  0.107059280000000       4.192593730000000E-003
  1.024322220000000E-009
  0.135344348000000       0.702192796000000       4.430359980000000E-002
  5.824232060000000E-005  0.113128670000000       4.972342150000000E-003
  1.065637290000000E-009
  0.125774157000000       0.704840902000000       4.420557110000000E-002
  6.065291980000000E-005  0.119246149000000       5.872566210000000E-003
  1.109743090000000E-009
  0.116191725000000       0.707387676000000       4.405493500000000E-002
  6.322333840000000E-005  0.125388628000000       6.913811240000000E-003
  1.156773050000000E-009
  0.106659100000000       0.709800420000000       4.382533190000000E-002
  6.596157180000000E-005  0.131530519000000       8.118665680000000E-003
  1.206873450000000E-009
  9.724292640000000E-002  0.712043570000000       4.348921240000000E-002
  6.887618690000000E-005  0.137643891000000       9.511523609999999E-003
  1.260201040000000E-009
  8.801319600000000E-002  0.714078776000000       4.301908320000000E-002
  7.197612040000000E-005  0.143698736000000       1.111823190000000E-002
  1.316919330000000E-009
  7.904155960000001E-002  0.715865179000000       4.238899440000000E-002
  7.527042000000000E-005  0.149663404000000       1.296559110000000E-002
  1.377193860000000E-009
  7.039924610000001E-002  0.717359891000000       4.157618280000000E-002
  7.876792620000000E-005  0.155505205000000       1.508070560000000E-002
  1.441186380000000E-009
  6.215466850000000E-002  0.718518708000000       4.056277570000000E-002
  8.247689900000000E-005  0.161191176000000       1.749019300000000E-002
  1.509048030000000E-009
  5.437084300000000E-002  0.719297063000000       3.933741770000000E-002
  8.640460480000001E-005  0.166688989000000       2.021928060000000E-002
  1.580911750000000E-009
  4.710279530000000E-002  0.719651189000000       3.789666140000000E-002
  9.055688420000001E-005  0.171967962000000       2.329083370000000E-002
  1.656884400000000E-009
  4.039516230000000E-002  0.719539470000000       3.624595340000000E-002
  9.493773490000000E-005  0.177000098000000       2.672437630000000E-002
  1.737039140000000E-009
  3.428020890000000E-002  0.718923897000000       3.440006290000000E-002
  9.954894920000000E-005  0.181761106000000       3.053517450000000E-002
  1.821408750000000E-009
  2.877646030000000E-002  0.717771555000000       3.238284520000000E-002
  1.043898530000000E-004  0.186231291000000       3.473345720000000E-002
  1.909980900000000E-009
  2.388810170000000E-002  0.716056035000000       3.022629820000000E-002
  1.094571870000000E-004  0.190396267000000       3.932383920000000E-002
  2.002695960000000E-009
  1.960522270000000E-002  0.713758662000000       2.796895410000000E-002
  1.147451610000000E-004  0.194247414000000       4.430499950000000E-002
  2.099447980000000E-009
  1.590489270000000E-002  0.710869440000000       2.565373340000000E-002
  1.202456990000000E-004  0.197782045000000       4.966964150000000E-002
  2.200089200000000E-009
  1.275296340000000E-002  0.707387623000000       2.332545980000000E-002
  1.259488580000000E-004  0.201003267000000       5.540473610000000E-002
  2.304437700000000E-009
  1.010641610000000E-002  0.703321880000000       2.102827670000000E-002
  1.318433890000000E-004  0.203919558000000       6.149202320000000E-002
  2.412287670000000E-009
  7.916024900000001E-003  0.698690016000000       1.880321740000000E-002
  1.379173810000000E-004  0.206544101000000       6.790872019999999E-002
  2.523421150000000E-009
  6.129089840000000E-003  0.693518288000000       1.668615130000000E-002
  1.441589070000000E-004  0.208893935000000       7.462837490000000E-002
  2.637619960000000E-009
  4.692012980000000E-003  0.687840366000000       1.470627010000000E-002
  1.505566190000000E-004  0.210989001000000       8.162179120000000E-002
  2.754676420000000E-009
  3.552536770000000E-003  0.681696038000000       1.288520180000000E-002
  1.571001960000000E-004  0.212851163000000       8.885795780000000E-002
  2.874401730000000E-009
  2.661525370000000E-003  0.675129752000000       1.123676060000000E-002
  1.637806330000000E-004  0.214503258000000       9.630492100000000E-002
  2.996631110000000E-009
  1.974235710000000E-003  0.668189105000000       9.767269330000000E-003
  1.705903290000000E-004  0.215968241000000       0.103930556000000     
  3.121225500000000E-009
  1.451085150000000E-003  0.660923382000000       8.476338829999999E-003
  1.775229910000000E-004  0.217268462000000       0.111703206000000     
  3.248069740000000E-009
  1.057968560000000E-003  0.653382219000000       7.357961800000000E-003
  1.845733800000000E-004  0.218425092000000       0.119592182000000     
  3.377067990000000E-009
  7.662071260000000E-004  0.645614463000000       6.401772370000000E-003
  1.917369460000000E-004  0.219457701000000       0.127568115000000     
  3.508137000000000E-009
  5.522241920000000E-004  0.637667246000000       5.594336990000000E-003
  1.990093970000000E-004  0.220383995000000       0.135603185000000     
  3.641198220000000E-009
  3.970422720000000E-004  0.629585295000000       4.920368310000000E-003
  2.063862530000000E-004  0.221219673000000       0.143671231000000     
  3.776169710000000E-009
  2.856847510000000E-004  0.621410476000000       4.363786470000000E-003
  2.138624320000000E-004  0.221978404000000       0.151747783000000     
  3.912958480000000E-009
  2.065495550000000E-004  0.613181522000000       3.908584610000000E-003
  2.214318950000000E-004  0.222671884000000       0.159810024000000     
  4.051454020000000E-009
  1.508040100000000E-004  0.604933945000000       3.539483890000000E-003
  2.290873720000000E-004  0.223309964000000       0.167836712000000     
  4.191523340000000E-009
  1.118329530000000E-004  0.596700069000000       3.242385920000000E-003
  2.368201810000000E-004  0.223900809000000       0.175808078000000     
  4.333007570000000E-009
  8.475752209999999E-005  0.588509160000000       3.004645130000000E-003
  2.446201380000000E-004  0.224451093000000       0.183705719000000     
  4.475720370000000E-009
  6.603081949999999E-005  0.580387616000000       2.815192370000000E-003
  2.524755510000000E-004  0.224966187000000       0.191512494000000     
  4.619447840000000E-009
  5.310865060000000E-005  0.572359182000000       2.664543680000000E-003
  2.603732940000000E-004  0.225450359000000       0.199212429000000     
  4.763949790000000E-009
  4.418865210000000E-005  0.564445179000000       2.544726960000000E-003
  2.682989340000000E-004  0.225906956000000       0.206790646000000     
  4.908962170000000E-009
  3.800855620000000E-005  0.556664723000000       2.449155540000000E-003
  2.762369150000000E-004  0.226338566000000       0.214233304000000     
  5.054200340000000E-009
  3.369354190000000E-005  0.549034921000000       2.372472430000000E-003
  2.841707650000000E-004  0.226747177000000       0.221527561000000     
  5.199362950000000E-009
  3.064298140000000E-005  0.541571040000000       2.310383460000000E-003
  2.920833360000000E-004  0.227134295000000       0.228661550000000     
  5.344136200000000E-009
  2.844789810000000E-005  0.534286657000000       2.259492630000000E-003
  2.999570400000000E-004  0.227501064000000       0.235624376000000     
  5.488198320000000E-009
  2.683177780000000E-005  0.527193771000000       2.217148050000000E-003
  3.077741020000000E-004  0.227848355000000       0.242406115000000     
  5.631224100000000E-009
  2.560874560000000E-005  0.520302900000000       2.181303690000000E-003
  3.155167980000000E-004  0.228176837000000       0.248997828000000     
  5.772889230000000E-009
  2.465440280000000E-005  0.513623149000000       2.150399070000000E-003
  3.231676830000000E-004  0.228487050000000       0.255391574000000     
  5.912874520000000E-009
  2.388573290000000E-005  0.507162270000000       2.123257320000000E-003
  3.307098060000000E-004  0.228779442000000       0.261580429000000     
  6.050869840000000E-009
  2.324740100000000E-005  0.500926708000000       2.099000570000000E-003
  3.381269040000000E-004  0.229054413000000       0.267558498000000     
  6.186577630000000E-009
  2.270249790000000E-005  0.494921637000000       2.076981130000000E-003
  3.454035780000000E-004  0.229312345000000       0.273320924000000     
  6.319716110000000E-009
  2.222633470000000E-005  0.489151000000000       2.056726360000000E-003
  3.525254380000000E-004  0.229553618000000       0.278863897000000     
  6.450022040000000E-009
  2.180230880000000E-005  0.483617539000000       2.037895140000000E-003
  3.594792380000000E-004  0.229778630000000       0.284184648000000     
  6.577253050000000E-009
  2.141916320000000E-005  0.478322838000000       2.020244010000000E-003
  3.662529750000000E-004  0.229987804000000       0.289281435000000     
  6.701189500000000E-009
  2.106917670000000E-005  0.473267365000000       2.003601040000000E-003
  3.728359680000000E-004  0.230181594000000       0.294153527000000     
  6.821635990000000E-009
  2.074696940000000E-005  0.468450517000000       1.987846040000000E-003
  3.792189160000000E-004  0.230360492000000       0.298801172000000     
  6.938422330000000E-009
  2.044871640000000E-005  0.463870676000000       1.972895560000000E-003
  3.853939310000000E-004  0.230525021000000       0.303225558000000     
  7.051404190000000E-009
  2.017162950000000E-005  0.459525271000000       1.958691800000000E-003
  3.913545490000000E-004  0.230675738000000       0.307428766000000     
  7.160463320000000E-009
  1.991361420000000E-005  0.455410840000000       1.945194390000000E-003
  3.970957230000000E-004  0.230813230000000       0.311413719000000     
  7.265507380000000E-009
  1.967304400000000E-005  0.451523103000000       1.932374460000000E-003
  4.026138020000000E-004  0.230938111000000       0.315184117000000     
  7.366469530000000E-009
  1.944860900000000E-005  0.447857037000000       1.920210310000000E-003
  4.079064820000000E-004  0.231051014000000       0.318744376000000     
  7.463307650000000E-009
  1.923921650000000E-005  0.444406956000000       1.908684430000000E-003
  4.129727560000000E-004  0.231152587000000       0.322099553000000     
  7.556003320000001E-009
  1.904392410000000E-005  0.441166587000000       1.897781400000000E-003
  4.178128470000000E-004  0.231243489000000       0.325255278000000     
  7.644560610000000E-009
  1.886189470000000E-005  0.438129157000000       1.887486490000000E-003
  4.224281300000000E-004  0.231324385000000       0.328217674000000     
  7.729004660000000E-009
  1.869236710000000E-005  0.435287468000000       1.877784760000000E-003
  4.268210480000000E-004  0.231395936000000       0.330993290000000     
  7.809380170000000E-009
  1.853463610000000E-005  0.432633980000000       1.868660520000000E-003
  4.309950210000000E-004  0.231458801000000       0.333589021000000     
  7.885749750000001E-009
  1.838803910000000E-005  0.430160889000000       1.860097060000000E-003
  4.349543580000000E-004  0.231513626000000       0.336012038000000     
  7.958192220000001E-009
  1.825194750000000E-005  0.427860196000000       1.852076540000000E-003
  4.387041600000000E-004  0.231561044000000       0.338269719000000     
  8.026800889999999E-009
  1.812576150000000E-005  0.425723784000000       1.844580040000000E-003
  4.422502220000000E-004  0.231601669000000       0.340369583000000     
  8.091681839999999E-009
  1.800890600000000E-005  0.423743474000000       1.837587620000000E-003
  4.455989490000000E-004  0.231636094000000       0.342319228000000     
  8.152952200000000E-009
  1.790082890000000E-005  0.421911093000000       1.831078520000000E-003
  4.487572580000000E-004  0.231664889000000       0.344126273000000     
  8.210738560000000E-009
  1.780099940000000E-005  0.420218525000000       1.825031310000000E-003
  4.517324960000000E-004  0.231688596000000       0.345798306000000     
  8.265175340000001E-009
  1.770890780000000E-005  0.418657759000000       1.819424110000000E-003
  4.545323600000000E-004  0.231707730000000       0.347342837000000     
  8.316403370000000E-009
  1.762406490000000E-005  0.417220934000000       1.814234780000000E-003
  4.571648190000000E-004  0.231722777000000       0.348767256000000     
  8.364568460000000E-009
  1.754600180000000E-005  0.415900378000000       1.809441090000000E-003
  4.596380420000000E-004  0.231734193000000       0.350078796000000     
  8.409820060000000E-009
  1.747427010000000E-005  0.414688636000000       1.805020930000000E-003
  4.619603400000000E-004  0.231742402000000       0.351284498000000     
  8.452310260000000E-009
  1.740844210000000E-005  0.413578500000000       1.800952450000000E-003
  4.641401080000000E-004  0.231747799000000       0.352391192000000     
  8.492192630000001E-009
  1.734811050000000E-005  0.412563028000000       1.797214200000000E-003
  4.661857730000000E-004  0.231750750000000       0.353405466000000     
  8.529621380000000E-009
  1.729288850000000E-005  0.411635565000000       1.793785310000000E-003
  4.681057520000000E-004  0.231751588000000       0.354333655000000     
  8.564750500000001E-009
  1.724241040000000E-005  0.410789751000000       1.790645530000000E-003
  4.699084150000000E-004  0.231750621000000       0.355181823000000     
  8.597733130000001E-009
  1.719633080000000E-005  0.410019532000000       1.787775410000000E-003
  4.716020530000000E-004  0.231748126000000       0.355955759000000     
  8.628720980000000E-009
  1.715432570000000E-005  0.409319167000000       1.785156320000000E-003
  4.731948550000000E-004  0.231744355000000       0.356660964000000     
  8.657863860000001E-009
  1.711609180000000E-005  0.408683223000000       1.782770610000000E-003
  4.746948880000000E-004  0.231739533000000       0.357302654000000     
  8.685309370000000E-009
  1.708134770000000E-005  0.408106580000000       1.780601620000000E-003
  4.761100810000000E-004  0.231733863000000       0.357885755000000     
  8.711202620000001E-009
  1.704983410000000E-005  0.407584427000000       1.778633810000000E-003
  4.774482230000000E-004  0.231727524000000       0.358414909000000     
  8.735686090000001E-009
  1.702131560000000E-005  0.407112250000000       1.776852870000000E-003
  4.787169520000000E-004  0.231720674000000       0.358894476000000     
  8.758899540000000E-009
  1.699558230000000E-005  0.406685833000000       1.775245760000000E-003
  4.799237610000000E-004  0.231713450000000       0.359328543000000     
  8.780980050000000E-009
  1.697245330000000E-005  0.406301242000000       1.773800950000000E-003
  4.810759970000000E-004  0.231705972000000       0.359720927000000     
  8.802062070000000E-009
  1.695178210000000E-005  0.405954819000000       1.772508510000000E-003
  4.821808760000000E-004  0.231698344000000       0.360075188000000     
  8.822277610000000E-009
