Matrix for the boundary conditions in Scott for
Matrix nu
0.0  0.0  0.0  0.0  0.0  1.0  0.0                                               
0.0  0.0  0.0  0.0  1.0  0.0  0.0                                               
Matrix mu of the reaction numb 1
0.0  0.0  0.0  0.0  0.0  0.0  0.0                                               
0.0  0.0  0.0  0.0  0.0  1.0  0.0                                               
0.0  0.0  0.0  0.0  0.0  0.0  0.0                                               
0.0  0.0  0.0  0.0  0.0  0.0  0.0                                               
0.0  0.0  0.0  0.0  0.0  0.0  0.0                                               
0.0  0.0  0.0  0.0  0.0  0.0  0.0                                               
0.0  0.0  0.0  0.0  0.0  0.0  0.0                                               
Matrix mu of the reaction numb 2
0.0  0.0  0.0  0.0  1.0  0.0  0.0                                               
0.0  0.0  0.0  0.0  0.0  0.0  0.0                                               
0.0  0.0  0.0  0.0  0.0  0.0  0.0                                               
0.0  0.0  0.0  0.0  0.0  0.0  0.0                                               
0.0  0.0  0.0  0.0  0.0  0.0  0.0                                               
0.0  0.0  0.0  0.0  0.0  0.0  0.0                                               
0.0  0.0  0.0  0.0  0.0  0.0  0.0                                               
