T, h at the stagnation point
0.35000000E+03 0.35303443E+06
0.42187345E+03 0.42615930E+06
0.49372881E+03 0.49995666E+06
0.56554798E+03 0.57465203E+06
0.63731289E+03 0.65039523E+06
0.70900547E+03 0.72725339E+06
0.78060768E+03 0.80522483E+06
0.85210148E+03 0.88426017E+06
0.92346888E+03 0.96428253E+06
0.99469191E+03 0.10452035E+07
0.10657526E+04 0.11269344E+07
0.11366332E+04 0.12093931E+07
0.12073157E+04 0.12925076E+07
0.12777824E+04 0.13762182E+07
0.13480155E+04 0.14604784E+07
0.14179974E+04 0.15452575E+07
0.14877104E+04 0.16305463E+07
0.15571370E+04 0.17163682E+07
0.16262598E+04 0.18027978E+07
0.16950612E+04 0.18899889E+07
0.17635240E+04 0.19782137E+07
0.18316310E+04 0.20679112E+07
0.18993649E+04 0.21597464E+07
0.19667089E+04 0.22546741E+07
0.20336458E+04 0.23540040E+07
0.21001589E+04 0.24594591E+07
0.21662314E+04 0.25732162E+07
0.22318466E+04 0.26979161E+07
0.22969881E+04 0.28366279E+07
0.23616395E+04 0.29927446E+07
0.24257845E+04 0.31697920E+07
0.24894069E+04 0.33711260E+07
0.25524907E+04 0.35995051E+07
0.26150200E+04 0.38565388E+07
0.26769791E+04 0.41420519E+07
0.27383525E+04 0.44534613E+07
0.27991245E+04 0.47853457E+07
0.28592800E+04 0.51294494E+07
0.29188039E+04 0.54753483E+07
0.29776810E+04 0.58118287E+07
0.30358966E+04 0.61287015E+07
0.30934361E+04 0.64184693E+07
0.31502849E+04 0.66772444E+07
0.32064288E+04 0.69046659E+07
0.32618536E+04 0.71030441E+07
0.33165453E+04 0.72762195E+07
0.33704902E+04 0.74285575E+07
0.34236748E+04 0.75642740E+07
0.34760855E+04 0.76870898E+07
0.35277093E+04 0.78001188E+07
0.35785331E+04 0.79058901E+07
0.36285441E+04 0.80064298E+07
0.36777298E+04 0.81033560E+07
0.37260778E+04 0.81979685E+07
0.37735758E+04 0.82913226E+07
0.38202120E+04 0.83842872E+07
0.38659745E+04 0.84775885E+07
0.39108520E+04 0.85718412E+07
0.39548330E+04 0.86675711E+07
0.39979065E+04 0.87652299E+07
0.40400616E+04 0.88652054E+07
0.40812879E+04 0.89678277E+07
0.41215747E+04 0.90733720E+07
0.41609122E+04 0.91820606E+07
0.41992902E+04 0.92940623E+07
0.42366992E+04 0.94094928E+07
0.42731297E+04 0.95284125E+07
0.43085726E+04 0.96508261E+07
0.43430190E+04 0.97766813E+07
0.43764601E+04 0.99058679E+07
0.44088876E+04 0.10038218E+08
0.44402933E+04 0.10173505E+08
0.44706693E+04 0.10311446E+08
0.45000080E+04 0.10451702E+08
0.45283018E+04 0.10593881E+08
0.45555439E+04 0.10737541E+08
0.45817272E+04 0.10882192E+08
0.46068452E+04 0.11027300E+08
0.46308915E+04 0.11172295E+08
0.46538602E+04 0.11316572E+08
0.46757453E+04 0.11459500E+08
0.46965416E+04 0.11600427E+08
0.47162435E+04 0.11738683E+08
0.47348463E+04 0.11873593E+08
0.47523453E+04 0.12004477E+08
0.47687360E+04 0.12130660E+08
0.47840142E+04 0.12251478E+08
0.47981763E+04 0.12366285E+08
0.48112185E+04 0.12474456E+08
0.48231377E+04 0.12575394E+08
0.48339307E+04 0.12668539E+08
0.48435950E+04 0.12753367E+08
0.48521280E+04 0.12829398E+08
0.48595276E+04 0.12896199E+08
0.48657920E+04 0.12953387E+08
0.48709196E+04 0.13000635E+08
0.48749090E+04 0.13037669E+08
0.48777593E+04 0.13064276E+08
0.48794698E+04 0.13080303E+08
0.48800400E+04 0.13085655E+08
Species at the stagnation point
  0.232917511457556       0.767082488542400       4.422690858483000E-014
  2.256202691270937E-073  1.559489399260725E-034  1.035673830359430E-067
  4.128087091311019E-078
  0.232917511452630       0.767082488538087       9.282258910642756E-012
  9.367319348302834E-061  3.495153593149940E-028  1.113750022132333E-055
  1.713902311681681E-065
  0.232917511238571       0.767082488350689       4.107406923295102E-010
  8.463417910024994E-052  1.128162161496213E-023  3.816889557349821E-047
  1.548518949911542E-056
  0.232917507761268       0.767082485306479       6.932252600444006E-009
  4.117576381438153E-045  2.628848322966992E-020  8.933336576435899E-041
  7.533770779311954E-050
  0.232917478500895       0.767082459690439       6.180866585282969E-008
  6.290818777522846E-040  1.072876034803105E-017  7.691299384532835E-036
  1.151006861650380E-044
  0.232917323015924       0.767082323570877       3.534131978298692E-007
  8.621456676637934E-036  1.299976998153431E-015  6.635316850656543E-032
  1.577434693825228E-040
  0.232916730375234       0.767081804742704       1.464881996323708E-006
  2.058658815191989E-032  6.530840612651230E-014  1.080952072498402E-028
  3.766648676241280E-037
  0.232914965795834       0.767080259940311       4.774262157203118E-006
  1.330511315483615E-029  1.697969970018574E-012  5.062933978539555E-026
  2.434385264914831E-034
  0.232910611959829       0.767076448389524       1.293962402435017E-005
  3.153662692855244E-027  2.662243490826036E-011  9.110542592002897E-024
  5.770135060601051E-032
  0.232901328362365       0.767068321271894       3.035008504111107E-005
  3.403425754799430E-025  2.806998840927462E-010  7.742281307265062E-022
  6.227116907084583E-030
  0.232883689760305       0.767052881171108       6.342691314507274E-005
  1.958992912564757E-023  2.155442842081334E-009  3.613564938582365E-020
  3.584293816161055E-028
  0.232853138381009       0.767026144232485       1.207045912560924E-004
  6.769944913105657E-022  1.279525008469550E-008  1.037064755233879E-018
  1.238670723725422E-026
  0.232804048195085       0.766983210752095       2.126795964992954E-004
  1.537519754595715E-020  6.145632126485483E-008  1.994922446573455E-017
  2.813140626122972E-025
  0.232729863221396       0.766918428213572       3.514611317040570E-004
  2.461593043625093E-019  2.474333269153570E-007  2.750269736876752E-016
  4.503881901552738E-024
  0.232623238745861       0.766825618781821       5.502837730106244E-004
  2.936287930619471E-018  8.586993046970319E-007  2.864700616695572E-015
  5.372412837578252E-023
  0.232476084796399       0.766698340356955       8.229482224355017E-004
  2.727506492970633E-017  2.626624187066589E-006  2.351562081044189E-014
  4.990413489293622E-022
  0.232279386941272       0.766530153767018       1.183248909412931E-003
  2.044758785901730E-016  7.210382139115478E-006  1.574058551752722E-013
  3.741216328472187E-021
  0.232022665243872       0.766314875682646       1.644432179253799E-003
  1.273845949749442E-015  1.802689334371424E-005  8.834505683245476E-013
  2.330706829587778E-020
  0.231692934567473       0.766046805256837       2.218710767547232E-003
  6.755591191648712E-015  4.154940388193024E-005  4.254384574806299E-012
  1.236044478641683E-019
  0.231273054058529       0.765720921036246       2.916841954844217E-003
  3.111725405791509E-014  8.918293243103974E-005  1.791882842795363E-011
  5.693404023074058E-019
  0.230739403198154       0.765333052620598       3.747759800610867E-003
  1.266042710052991E-013  1.797843134304608E-004  6.707973594528302E-011
  2.316429542717253E-018
  0.230058895398344       0.764880038366931       4.718237230416956E-003
  4.615191114279428E-013  3.428287775926279E-004  2.262539739039277E-010
  8.444237273761131E-018
  0.229185434463032       0.764359885668979       5.832542510868523E-003
  1.525761153615876E-012  6.221366599887539E-004  6.956061493180793E-010
  2.791626367184912E-017
  0.228056030806039       0.763771953448012       7.092047945178761E-003
  4.622107059508844E-012  1.079965827286756E-003  1.968861506264767E-009
  8.456891112149066E-017
  0.226586921232725       0.763117176880607       8.494747713785271E-003
  1.294553317560131E-011  1.801148985271124E-003  5.174665196678030E-009
  2.368594302235982E-016
  0.224670178811536       0.762398351480715       1.003464790660042E-002
  3.378063440680864E-011  2.896809043930988E-003  1.272343554673487E-008
  6.180712458617389E-016
  0.222171459659078       0.761620486912194       1.170100609159104E-002
  8.267584096368601E-011  4.507017795929261E-003  2.945853089412653E-008
  1.512687991934013E-015
  0.218929711495356       0.760791229807165       1.347742136774147E-002
  1.908828768918147E-010  6.801572545628304E-003  6.459322276388694E-008
  3.492510416276184E-015
  0.214759858053927       0.759921338754840       1.534081015821180E-002
  4.178495080668152E-010  9.977857804399281E-003  1.348107651377092E-007
  7.645231374977302E-015
  0.209459652129025       0.759025172512954       1.726035014652509E-002
  8.710424053757598E-010  1.425455533134310E-002  2.690090943747036E-007
  1.593712711862189E-014
  0.202822006302451       0.758121122861088       1.919653801279585E-002
  1.735704092002196E-009  1.985981581020698E-002  5.152777223243378E-007
  3.175750868594966E-014
  0.194654056082636       0.757231884515113       2.110058996613571E-002
  3.317071859194947E-009  2.701251532687636E-002  9.507921063834772E-007
  6.069118513097880E-014
  0.184803782335823       0.756384405356826       2.291451924110076E-002
  6.096764681702185E-009  3.589559158664130E-002  1.695382732698346E-006
  1.115501531784735E-013
  0.173193884681219       0.755609305088519       2.457234283023355E-002
  1.080306483940349E-008  4.662152704584775E-002  2.929550918978822E-006
  1.976595129625353E-013
  0.159860316273448       0.754939506533354       2.600296395079545E-002
  1.849134773804546E-008  5.919227714112546E-002  4.917609590900139E-006
  3.383290614522278E-013
  0.144989142765117       0.754407833198174       2.713525719690152E-002
  3.062605133224412E-008  7.345969985500891E-002  8.036358186386596E-006
  5.603530553863857E-013
  0.128940575582254       0.754043463429102       2.790559151595164E-002
  4.915051301983000E-008  8.909751111524603E-002  1.280920603423842E-005
  8.992879900084709E-013
  0.112245239237827       0.753867480261167       2.826728045241992E-002
  7.652862506988768E-008  0.105599978542636       1.994497592446385E-005
  1.400214752375930E-012
  9.555924639648584E-002  0.753888327636752       2.820022605267267E-002
  1.157467043407286E-007  0.122321704207839       3.037995742774853E-005
  2.117772830869194E-012
  7.957603382541366E-002  0.754098572954767       2.771776100593125E-002
  1.702776184453042E-007  0.138562140436467       4.532149668768142E-005
  3.115503945469023E-012
  6.491338790500657E-002  0.754474508655350       2.686740845563722E-002
  2.440276801944120E-007  0.153678159191559       6.629176030243858E-005
  4.464880395855160E-012
  5.201247409272998E-002  0.754979348527045       2.572394187695862E-002
  3.412976418967554E-007  0.167188723137955       9.517106142447370E-005
  6.244591389150585E-012
  4.108569945629732E-002  0.755569248585498       2.437639529020029E-002
  4.667808259107718E-007  0.178833949328165       1.342405504730662E-004
  8.540508835348956E-012
  3.212733360640833E-002  0.756200076289422       2.291347312624931E-002
  6.255974173223572E-007  0.188572267782800       1.862235862567634E-004
  1.144631478721968E-011
  2.497099990985304E-002  0.756832740737985       2.141204949865953E-002
  8.233423424226098E-007  0.196529062496589       2.543239995072366E-004
  1.506437745435879E-011
  1.936287961217873E-002  0.757435950253309       1.993119108417476E-002
  1.066119637516251E-006  0.202926654326871       3.422585843228587E-004
  1.950638003602805E-011
  1.502451382327529E-002  0.757986557633905       1.851136626617994E-002
  1.360546692693079E-006  0.208021920694344       4.542810107098648E-004
  2.489339836780536E-011
  1.169382480611317E-002  0.758468379868831       1.717694589104859E-002
  1.713725258964784E-006  0.212063940894210       5.951947831832250E-004
  3.135537045034322E-011
  9.145244072095909E-003  0.758870425532313       1.594000024105149E-002
  2.133184254706442E-006  0.215271843466704       7.703534645509563E-004
  3.903005000087605E-011
  7.195229990558808E-003  0.759185157591461       1.480405016086660E-002
  2.626801444336903E-006  0.217827288510264       9.856468973442538E-004
  4.806157343822680E-011
  5.699704531651113E-003  0.759407083696597       1.376714848361992E-002
  3.202709880532503E-006  0.219875387957024       1.247472562628460E-003
  5.859874809205617E-011
  4.548095664392560E-003  0.759531740353864       1.282415057540472E-002
  3.869193169084615E-006  0.221529452565111       1.562691577264924E-003
  7.079313590433496E-011
  3.656688404159883E-003  0.759555027613465       1.196826718640791E-002
  4.634572265626193E-006  0.222876812943661       1.938569195243294E-003
  8.479698219268761E-011
  2.962563742571515E-003  0.759472816349054       1.119206600738148E-002
  5.507085808241282E-006  0.223984346651914       2.382700062509318E-003
  1.007610261422783E-010
  2.418573559673156E-003  0.759280752208770       1.048808318473981E-002
  6.494765738813677E-006  0.224903177290492       2.902918871754027E-003
  1.188322250975731E-010
  1.989386513567786E-003  0.758974195095506       9.849173543242487E-003
  7.605309950820237E-006  0.225672441939219       3.507197459362972E-003
  1.391514244481066E-010
  1.648470215934466E-003  0.758548249209751       9.268692800526421E-003
  8.845953772984234E-006  0.226322211892444       4.203529765719870E-003
  1.618510062144283E-010
  1.375828981292366E-003  0.757997852103881       8.740575570636368E-003
  1.022334217561673E-005  0.226875713386057       4.999806428905248E-003
  1.870525508567925E-010
  1.156325043704821E-003  0.757317901066437       8.259351150431979E-003
  1.174340463284918E-005  0.227350998030113       5.903681089816443E-003
  2.148645476776681E-010
  9.784389708593589E-004  0.756503401954766       7.820123960861961E-003
  1.341123457661000E-005  0.227762192887844       6.922430745712302E-003
  2.453801892376143E-010
  8.333558120009467E-004  0.755549630097883       7.418535430248503E-003
  1.523097533599916E-005  0.228120434712564       8.062812693293028E-003
  2.786752844319885E-010
  7.142908687641034E-004  0.754452295804655       7.050717554420240E-003
  1.720571437238006E-005  0.228434568995192       9.330920747790390E-003
  3.148063233511911E-010
  6.159910759466591E-004  0.753207708877462       6.713244192192467E-003
  1.933738750144724E-005  0.228711674604045       1.073204350904382E-002
  3.538087248687597E-010
  5.343649691555482E-004  0.751812937731393       6.403083535086374E-003
  2.162669464437736E-005  0.228957459205490       1.227052746853474E-002
  3.956952951726556E-010
  4.662069152252488E-004  0.750265959511851       6.117553572920353E-003
  2.407302847629584E-005  0.229176558817538       1.394964771353412E-002
  4.404549222737626E-010
  4.089906181453809E-004  0.748565798157914       5.854281396851762E-003
  2.667441714655509E-005  0.229372766034277       1.577148888761328E-002
  4.880515279808974E-010
  3.607137142639358E-004  0.746712647782576       5.611166602265389E-003
  2.942748203605591E-005  0.229549204966953       1.773683891348212E-002
  5.384232950028043E-010
  3.197802008402114E-004  0.744707979101139       5.386348724320443E-003
  3.232741129594174E-005  0.229708466193051       1.984509777787169E-002
  5.914821827958438E-010
  2.849110099530524E-004  0.742554626976351       5.178178462976251E-003
  3.536794968292710E-005  0.229852711530769       2.209420342315414E-002
  6.471137415849146E-010
  2.550756226490109E-004  0.740256857486745       4.985192371356854E-003
  3.854140497248146E-005  0.229983755917733       2.448057649136559E-002
  7.051772297030079E-010
  2.294394913196764E-004  0.737820413275233       4.806090653444056E-003
  4.183867099506591E-005  0.230103131814722       2.699908532878001E-002
  7.655060350763492E-010
  2.073234004626127E-004  0.735252536303322       4.639717720713545E-003
  4.524926710554536E-005  0.230212140191151       2.964303228933698E-002
  8.279083973810180E-010
  1.881718900425419E-004  0.732561967521891       4.485045177906690E-003
  4.876139366478789E-005  0.230311891144204       3.240416198012229E-002
  8.921684231683848E-010
  1.715285939991470E-004  0.729758923368785       4.341156936837666E-003
  5.236200288831595E-005  0.230403336459935       3.527269167950737E-002
  9.580473821555701E-010
  1.570168823919780E-004  0.726855049410042       4.207236188719256E-003
  5.603688420314193E-005  0.230487295872028       3.823736373733017E-002
  1.025285268966563E-009
  1.443245918449327E-004  0.723863351847332       4.082553996927273E-003
  5.977076305395775E-005  0.230564478361070       4.128551934616908E-002
  1.093602610950980E-009
  1.331919231804379E-004  0.720798108009534       3.966459301773824E-003
  6.354741191743243E-005  0.230635499527215       4.440319266367721E-002
  1.162702499369880E-009
  1.234018046915466E-004  0.717674757320791       3.858370155917664E-003
  6.734977212226068E-005  0.230700895835287       4.757522387891749E-002
  1.232272818290226E-009
  1.147721841257121E-004  0.714509774580386       3.757766033204316E-003
  7.116008493639090E-005  0.230761136353860       5.078538946149831E-002
  1.301988643037370E-009
  1.071498364833558E-004  0.711320527690420       3.664181074996971E-003
  7.496003027513463E-005  0.230816632474586       5.401654752172384E-002
  1.371514778083859E-009
  1.004053686245558E-004  0.708125122216212       3.577198156581334E-003
  7.873087130739560E-005  0.230867745994305       5.725079595246087E-002
  1.440508402853865E-009
  9.442917308786247E-005  0.704942235353061       3.496443672238639E-003
  8.245360319439247E-005  0.230914795862544       6.046964082725260E-002
  1.508621793138258E-009
  8.912813809246044E-005  0.701790941995233       3.421582951355395E-003
  8.610910418717393E-005  0.230958063835096       6.365417240053062E-002
  1.575505085667598E-009
  8.442296258380899E-005  0.698690535655282       3.352316229737487E-003
  8.967828733610665E-005  0.230997799226200       6.678524599805205E-002
  1.640809053882148E-009
  8.024595748519987E-005  0.695660346962873       3.288375110396532E-003
  9.314225112621781E-005  0.231034222914089       6.984366509984187E-002
  1.704187864048675E-009
  7.653923933966210E-005  0.692719562384885       3.229519456707820E-003
  9.648242744432313E-005  0.231067530725041       7.281036400128074E-002
  1.765301782557947E-009
  7.325324199490584E-005  0.689887045657761       3.175534668224271E-003
  9.968072540360105E-005  0.231097896297547       7.566658758524920E-002
  1.823819807427531E-009
  7.034548719872512E-005  0.687181164217464       3.126229295766325E-003
  1.027196696937698E-004  0.231125473509594       7.839406594086071E-002
  1.879422199641647E-009
  6.777956691495282E-005  0.684619622662531       3.081432957859799E-003
  1.055825322845750E-004  0.231150398537090       8.097518181151707E-002
  1.931802892879109E-009
  6.552429958690147E-005  0.682219305004505       3.040994525311863E-003
  1.082534564803757E-004  0.231172791599441       8.339312913400287E-002
  1.980671763292275E-009
  6.355303003426862E-005  0.679996127161017       3.004780544822633E-003
  1.107175724976287E-004  0.231192758438572       8.563206122730056E-002
  2.025756744183706E-009
  6.184304860660344E-005  0.677964900844277       2.972673876143725E-003
  1.129611039081863E-004  0.231210391569681       8.767722749057846E-002
  2.066805773558176E-009
  6.037510996660053E-005  0.676139209705317       2.944572520491662E-003
  1.149714644534223E-004  0.231225771335536       8.951509776064653E-002
  2.103588565493393E-009
  5.913303569903174E-005  0.674531298324156       2.920388620794858E-003
  1.167373448816581E-004  0.231238966790635       9.113347374793580E-002
  2.135898198970928E-009
  5.810338803771522E-005  0.673151974398798       2.900047616952376E-003
  1.182487895896476E-004  0.231250036437028       9.252158720604141E-002
  2.163552520155905E-009
  5.727520453118720E-005  0.672010524289175       2.883487541666703E-003
  1.194972629549341E-004  0.231259028829755       9.367018468552168E-002
  2.186395356054579E-009
  5.663978555219806E-005  0.671114641921005       2.870658444627174E-003
  1.204757053274409E-004  0.231265983066503       9.457159887268797E-002
  2.204297538970875E-009
  5.619052829572415E-005  0.670470370950933       2.861521934896408E-003
  1.211785787057350E-004  0.231270929173257       9.521980661675425E-002
  2.217157742227381E-009
  5.592280238440252E-005  0.670082060037130       2.856050833327038E-003
  1.216019021564409E-004  0.231273888395141       9.561047380495755E-002
  2.224903128220710E-009
  5.583386347455264E-005  0.669952331044789       2.854228928727075E-003
  1.217432770471184E-004  0.231274873399373       9.574098725909976E-002
  2.227489810097738E-009
