 T, h at the stagnation point                                                                                                                                                                                                                                                                               
   350.000000000000        15000528.1000000     
   445.356363000000        15125336.7000000     
   539.486513000000        15256251.7000000     
   632.977926000000        15392540.4000000     
   726.164282000000        15533656.3000000     
   819.255916000000        15679168.2000000     
   912.406297000000        15828717.6000000     
   1005.73412000000        15981998.4000000     
   1099.33094000000        16138743.4000000     
   1193.26465000000        16298713.5000000     
   1287.58321000000        16461691.6000000     
   1382.31745000000        16627477.5000000     
   1477.48322000000        16795882.9000000     
   1573.08320000000        16966728.0000000     
   1669.10832000000        17139838.8000000     
   1765.53901000000        17315044.2000000     
   1862.34605000000        17492174.3000000     
   1959.49128000000        17671058.9000000     
   2056.92978000000        17851525.7000000     
   2154.62066000000        18033399.0000000     
   2252.52072000000        18216499.5000000     
   2350.57568000000        18400644.2000000     
   2448.72025000000        18585645.5000000     
   2546.87934000000        18771311.4000000     
   2644.96910000000        18957444.7000000     
   2742.89788000000        19143843.6000000     
   2840.56720000000        19330301.1000000     
   2937.87271000000        19516606.0000000     
   3034.70516000000        19702543.2000000     
   3130.95146000000        19887894.0000000     
   3226.49570000000        20072437.0000000     
   3321.22023000000        20255949.0000000     
   3415.00674000000        20438205.8000000     
   3507.73729000000        20618983.0000000     
   3599.29533000000        20798057.5000000     
   3689.56671000000        20975208.2000000     
   3778.44058000000        21150217.3000000     
   3865.81024000000        21322871.3000000     
   3951.57393000000        21492962.3000000     
   4035.63548000000        21660289.0000000     
   4117.90496000000        21824658.1000000     
   4198.29913000000        21985884.9000000     
   4276.74188000000        22143794.8000000     
   4353.16456000000        22298223.7000000     
   4427.50622000000        22449019.5000000     
   4499.71377000000        22596042.3000000     
   4569.74207000000        22739165.4000000     
   4637.55393000000        22878275.9000000     
   4703.12009000000        23013275.0000000     
   4766.41910000000        23144078.3000000     
   4827.43717000000        23270616.2000000     
   4886.16794000000        23392834.0000000     
   4942.61228000000        23510691.7000000     
   4996.77794000000        23624164.2000000     
   5048.67931000000        23733240.5000000     
   5098.33699000000        23837924.2000000     
   5145.77747000000        23938232.0000000     
   5191.03273000000        24034194.3000000     
   5234.13984000000        24125853.4000000     
   5275.14050000000        24213263.9000000     
   5314.08067000000        24296491.2000000     
   5351.01010000000        24375611.0000000     
   5385.98192000000        24450708.3000000     
   5419.05219000000        24521876.8000000     
   5450.27950000000        24589217.5000000     
   5479.72452000000        24652838.3000000     
   5507.44964000000        24712852.9000000     
   5533.51855000000        24769379.7000000     
   5557.99589000000        24822541.2000000     
   5580.94687000000        24872463.1000000     
   5602.43694000000        24919273.2000000     
   5622.53150000000        24963101.0000000     
   5641.29560000000        25004076.6000000     
   5658.79363000000        25042330.5000000     
   5675.08913000000        25077992.2000000     
   5690.24456000000        25111190.3000000     
   5704.32107000000        25142051.7000000     
   5717.37834000000        25170700.9000000     
   5729.47445000000        25197259.9000000     
   5740.66572000000        25221847.8000000     
   5751.00663000000        25244580.2000000     
   5760.54969000000        25265569.1000000     
   5769.34542000000        25284922.6000000     
   5777.44227000000        25302745.0000000     
   5784.88659000000        25319136.1000000     
   5791.72262000000        25334191.7000000     
   5797.99248000000        25348003.1000000     
   5803.73617000000        25360657.3000000     
   5808.99160000000        25372237.0000000     
   5813.79464000000        25382820.4000000     
   5818.17912000000        25392481.7000000     
   5822.17690000000        25401290.5000000     
   5825.81794000000        25409312.6000000     
   5829.13033000000        25416609.7000000     
   5832.14036000000        25423239.7000000     
   5834.87261000000        25429256.6000000     
   5837.35001000000        25434710.9000000     
   5839.59391000000        25439649.7000000     
   5841.62414000000        25444116.6000000     
   5843.45914000000        25448152.4000000     
 Species at the stagnation point                                                                                                                                                                                                                                                                            
  3.420274040000000E-005  0.441626450000000       2.810447800000000E-004
  7.262418220000000E-005  0.231054498000000       0.326931179000000     
  1.328776670000000E-009
  3.119416660000000E-005  0.441487900000000       2.672046040000000E-004
  7.279887100000001E-005  0.231070584000000       0.327070317000000     
  1.331972880000000E-009
  2.818156290000000E-005  0.441126962000000       2.423299220000000E-004
  7.327366569999999E-005  0.231103683000000       0.327425569000000     
  1.340660020000000E-009
  2.539193710000000E-005  0.440594708000000       2.166659200000000E-004
  7.399736820000001E-005  0.231145880000000       0.327943356000000     
  1.353901320000000E-009
  2.289059040000000E-005  0.439925637000000       1.935066560000000E-004
  7.493706040000000E-005  0.231193382000000       0.328589644000000     
  1.371094510000000E-009
  2.067557800000000E-005  0.439143980000000       1.734679630000000E-004
  7.606960840000000E-005  0.231244261000000       0.329341545000000     
  1.391816300000000E-009
  1.872241050000000E-005  0.438267458000000       1.563706620000000E-004
  7.737841840000001E-005  0.231297395000000       0.330182675000000     
  1.415763090000000E-009
  1.700018700000000E-005  0.437309464000000       1.418249400000000E-004
  7.885118310000000E-005  0.231352067000000       0.331100792000000     
  1.442709700000000E-009
  1.547771440000000E-005  0.436280400000000       1.294165080000000E-004
  8.047865020000000E-005  0.231407784000000       0.332086442000000     
  1.472486840000000E-009
  1.412591560000000E-005  0.435188556000000       1.187702690000000E-004
  8.225380980000001E-005  0.231464186000000       0.333132107000000     
  1.504966250000000E-009
  1.291859920000000E-005  0.434040687000000       1.095666870000000E-004
  8.417134350000000E-005  0.231520998000000       0.334231657000000     
  1.540050630000000E-009
  1.183248510000000E-005  0.432842421000000       1.015394230000000E-004
  8.622725110000000E-005  0.231577999000000       0.335379979000000     
  1.577666770000000E-009
  1.084691520000000E-005  0.431598542000000       9.446659140000000E-005
  8.841858839999999E-005  0.231635012000000       0.336572712000000     
  1.617760830000000E-009
  9.943446990000001E-006  0.430313202000000       8.816052900000000E-005
  9.074326850000001E-005  0.231691885000000       0.337806065000000     
  1.660294600000000E-009
  9.105424340000001E-006  0.428990068000000       8.245774240000000E-005
  9.319991600000000E-005  0.231748493000000       0.339076674000000     
  1.705242940000000E-009
  8.317546960000001E-006  0.427632446000000       7.720913660000000E-005
  9.578776230000000E-005  0.231804732000000       0.340381506000000     
  1.752591760000000E-009
  7.565368260000000E-006  0.426243369000000       7.226911920000000E-005
  9.850655040000000E-005  0.231860514000000       0.341717774000000     
  1.802336380000000E-009
  6.834903360000000E-006  0.424825668000000       6.748539060000000E-005
  1.013564930000000E-004  0.231915773000000       0.343082881000000     
  1.854480680000000E-009
  6.115806670000000E-006  0.423382072000000       6.273209910000000E-005
  1.043381670000000E-004  0.231970441000000       0.344474299000000     
  1.909035220000000E-009
  5.416577400000000E-006  0.421915542000000       5.808950680000000E-005
  1.074526660000000E-004  0.232024343000000       0.345889154000000     
  1.966020000000000E-009
  4.755270750000000E-006  0.420429100000000       5.373648450000000E-005
  1.107014090000000E-004  0.232077260000000       0.347324444000000     
  2.025461010000000E-009
  4.145034770000000E-006  0.418925586000000       4.979811540000000E-005
  1.140860150000000E-004  0.232129014000000       0.348777368000000     
  2.087387830000000E-009
  3.592958850000000E-006  0.417407668000000       4.634896530000000E-005
  1.176082880000000E-004  0.232179465000000       0.350245315000000     
  2.151833510000000E-009
  3.101643850000000E-006  0.415877873000000       4.343925220000000E-005
  1.212701810000000E-004  0.232228496000000       0.351725818000000     
  2.218833750000000E-009
  2.670516720000000E-006  0.414338621000000       4.111115900000000E-005
  1.250737580000000E-004  0.232276005000000       0.353216516000000     
  2.288426330000000E-009
  2.296844790000000E-006  0.412792240000000       3.940817650000000E-005
  1.290211640000000E-004  0.232321898000000       0.354715134000000     
  2.360650490000000E-009
  1.976547180000000E-006  0.411240988000000       3.838064020000000E-005
  1.331145750000000E-004  0.232366086000000       0.356219452000000     
  2.435546070000000E-009
  1.704830300000000E-006  0.409687063000000       3.808878210000000E-005
  1.373561550000000E-004  0.232408482000000       0.357727303000000     
  2.513152610000000E-009
  1.476666490000000E-006  0.408132619000000       3.860398890000000E-005
  1.417479900000000E-004  0.232448999000000       0.359236551000000     
  2.593508320000000E-009
  1.287138410000000E-006  0.406579768000000       4.000870570000000E-005
  1.462920280000000E-004  0.232487551000000       0.360745091000000     
  2.676648840000000E-009
  1.131672890000000E-006  0.405030586000000       4.239528140000000E-005
  1.509900050000000E-004  0.232524052000000       0.362250843000000     
  2.762605920000000E-009
  1.006186370000000E-006  0.403487121000000       4.586397510000000E-005
  1.558433620000000E-004  0.232558417000000       0.363751746000000     
  2.851405930000000E-009
  9.071619790000000E-007  0.401951389000000       5.052030360000000E-005
  1.608531640000000E-004  0.232590563000000       0.365245765000000     
  2.943068330000000E-009
  8.316753110000000E-007  0.400425379000000       5.647190140000000E-005
  1.660200070000000E-004  0.232620409000000       0.366730885000000     
  3.037604070000000E-009
  7.773829700000000E-007  0.398911051000000       6.382506200000000E-005
  1.713439320000000E-004  0.232647880000000       0.368205119000000     
  3.135013870000000E-009
  7.424852220000000E-007  0.397410330000000       7.268112920000000E-005
  1.768243370000000E-004  0.232672908000000       0.369666510000000     
  3.235286740000000E-009
  7.256714010000000E-007  0.395925111000000       8.313290620000000E-005
  1.824598930000000E-004  0.232695432000000       0.371113136000000     
  3.338398330000000E-009
  7.260547150000000E-007  0.394457247000000       9.526123920000000E-005
  1.882484660000000E-004  0.232715399000000       0.372543115000000     
  3.444309620000000E-009
  7.431013960000000E-007  0.393008551000000       1.091319200000000E-004
  1.941870520000000E-004  0.232732771000000       0.373954613000000     
  3.552965640000000E-009
  7.765578530000000E-007  0.391580785000000       1.247930250000000E-004
  2.002717210000000E-004  0.232747520000000       0.375345850000000     
  3.664294480000000E-009
  8.263785970000000E-007  0.390175659000000       1.422727970000000E-004
  2.064975750000000E-004  0.232759633000000       0.376715108000000     
  3.778206530000000E-009
  8.926570260000000E-007  0.388794820000000       1.615781180000000E-004
  2.128587220000000E-004  0.232769110000000       0.378060736000000     
  3.894593980000000E-009
  9.755607120000000E-007  0.387439849000000       1.826936280000000E-004
  2.193482680000000E-004  0.232775968000000       0.379381162000000     
  4.013330700000000E-009
  1.075272480000000E-006  0.386112247000000       2.055814800000000E-004
  2.259583220000000E-004  0.232780239000000       0.380674895000000     
  4.134272320000000E-009
  1.191938280000000E-006  0.384813438000000       2.301817290000000E-004
  2.326800270000000E-004  0.232781969000000       0.381940535000000     
  4.257256750000000E-009
  1.325622740000000E-006  0.383544752000000       2.564132910000000E-004
  2.395035930000000E-004  0.232781221000000       0.383176780000000     
  4.382104920000000E-009
  1.476272710000000E-006  0.382307423000000       2.841754240000000E-004
  2.464183650000000E-004  0.232778070000000       0.384382432000000     
  4.508621830000000E-009
  1.643689410000000E-006  0.381102580000000       3.133496460000000E-004
  2.534128900000000E-004  0.232772608000000       0.385556401000000     
  4.636597960000000E-009
  1.827508980000000E-006  0.379931245000000       3.438020110000000E-004
  2.604750060000000E-004  0.232764935000000       0.386697710000000     
  4.765810780000000E-009
  2.027191390000000E-006  0.378794322000000       3.753856440000000E-004
  2.675919440000000E-004  0.232755167000000       0.387805502000000     
  4.896026640000000E-009
  2.242017180000000E-006  0.377692596000000       4.079434460000000E-004
  2.747504280000000E-004  0.232743425000000       0.388879038000000     
  5.027002660000000E-009
  2.471091470000000E-006  0.376626729000000       4.413108810000000E-004
  2.819367980000000E-004  0.232729843000000       0.389917704000000     
  5.158488900000000E-009
  2.713354410000000E-006  0.375597258000000       4.753187670000000E-004
  2.891371240000000E-004  0.232714557000000       0.390921010000000     
  5.290230490000000E-009
  2.967597020000000E-006  0.374604592000000       5.097959900000000E-004
  2.963373330000000E-004  0.232697713000000       0.391888588000000     
  5.421969950000000E-009
  3.232481470000000E-006  0.373649013000000       5.445720820000000E-004
  3.035233360000000E-004  0.232679457000000       0.392820197000000     
  5.553449470000000E-009
  3.506564610000000E-006  0.372730675000000       5.794796070000000E-004
  3.106811370000000E-004  0.232659938000000       0.393715714000000     
  5.684413000000000E-009
  3.788323680000000E-006  0.371849607000000       6.143563250000000E-004
  3.177969620000000E-004  0.232639307000000       0.394575138000000     
  5.814608500000000E-009
  4.076183190000000E-006  0.371005720000000       6.490470880000000E-004
  3.248573640000000E-004  0.232617712000000       0.395398581000000     
  5.943789960000000E-009
  4.368541840000000E-006  0.370198801000000       6.834054600000000E-004
  3.318493320000000E-004  0.232595302000000       0.396186268000000     
  6.071719300000000E-009
  4.663798780000000E-006  0.369428528000000       7.172950530000000E-004
  3.387603830000000E-004  0.232572218000000       0.396938528000000     
  6.198168140000000E-009
  4.960378340000000E-006  0.368694470000000       7.505905670000000E-004
  3.455786530000000E-004  0.232548602000000       0.397655792000000     
  6.322919410000000E-009
  5.256752670000000E-006  0.367996094000000       7.831785640000000E-004
  3.522929710000000E-004  0.232524588000000       0.398338583000000     
  6.445768680000000E-009
  5.551461820000000E-006  0.367332775000000       8.149579600000000E-004
  3.588929210000000E-004  0.232500302000000       0.398987514000000     
  6.566525430000000E-009
  5.843130980000000E-006  0.366703799000000       8.458402820000000E-004
  3.653689040000000E-004  0.232475868000000       0.399603274000000     
  6.685013990000000E-009
  6.130484570000000E-006  0.366108374000000       8.757496940000000E-004
  3.717121710000000E-004  0.232451400000000       0.400186627000000     
  6.801074300000000E-009
  6.412357360000000E-006  0.365545637000000       9.046228250000000E-004
  3.779148620000000E-004  0.232427003000000       0.400738403000000     
  6.914562550000000E-009
  6.687702350000000E-006  0.365014663000000       9.324084220000000E-004
  3.839700230000000E-004  0.232402777000000       0.401259487000000     
  7.025351500000000E-009
  6.955595840000000E-006  0.364514472000000       9.590668620000000E-004
  3.898716170000000E-004  0.232378813000000       0.401750814000000     
  7.133330690000000E-009
  7.215239710000000E-006  0.364044040000000       9.845695370000000E-004
  3.956145240000000E-004  0.232355192000000       0.402213361000000     
  7.238406440000000E-009
  7.465961230000000E-006  0.363602304000000       1.008898150000000E-003
  4.011945330000000E-004  0.232331989000000       0.402648141000000     
  7.340501720000000E-009
  7.707210680000000E-006  0.363188172000000       1.032043950000000E-003
  4.066083250000000E-004  0.232309269000000       0.403056192000000     
  7.439555780000000E-009
  7.938557150000000E-006  0.362800530000000       1.054006890000000E-003
  4.118534490000000E-004  0.232287091000000       0.403438573000000     
  7.535523789999999E-009
  8.159682740000000E-006  0.362438249000000       1.074794790000000E-003
  4.169282920000000E-004  0.232265505000000       0.403796356000000     
  7.628376229999999E-009
  8.370375539999999E-006  0.362100194000000       1.094422490000000E-003
  4.218320430000000E-004  0.232244553000000       0.404130620000000     
  7.718098280000000E-009
  8.570521730000000E-006  0.361785228000000       1.112910960000000E-003
  4.265646520000000E-004  0.232224271000000       0.404442447000000     
  7.804689009999999E-009
  8.760096999999999E-006  0.361492218000000       1.130286530000000E-003
  4.311267890000000E-004  0.232204688000000       0.404732912000000     
  7.888160670000000E-009
  8.939157540000000E-006  0.361220044000000       1.146580000000000E-003
  4.355197940000000E-004  0.232185826000000       0.405003083000000     
  7.968537780000000E-009
  9.107830970000000E-006  0.360967600000000       1.161825970000000E-003
  4.397456280000000E-004  0.232167702000000       0.405254011000000     
  8.045856230000000E-009
  9.266307190000001E-006  0.360733800000000       1.176062050000000E-003
  4.438068270000000E-004  0.232150325000000       0.405486731000000     
  8.120162440000001E-009
  9.414829489999999E-006  0.360517583000000       1.189328210000000E-003
  4.477064510000000E-004  0.232133703000000       0.405702257000000     
  8.191512350000001E-009
  9.553686000000000E-006  0.360317914000000       1.201666170000000E-003
  4.514480310000000E-004  0.232117835000000       0.405901575000000     
  8.259970600000000E-009
  9.683201490000000E-006  0.360133791000000       1.213118830000000E-003
  4.550355220000000E-004  0.232102719000000       0.406085645000000     
  8.325609530000000E-009
  9.803729770000000E-006  0.359964243000000       1.223729780000000E-003
  4.584732550000000E-004  0.232088346000000       0.406255396000000     
  8.388508410000000E-009
  9.915646610000001E-006  0.359808335000000       1.233542780000000E-003
  4.617658890000000E-004  0.232074707000000       0.406411725000000     
  8.448752469999999E-009
  1.001934320000000E-005  0.359665168000000       1.242601450000000E-003
  4.649183700000000E-004  0.232061788000000       0.406555497000000     
  8.506432190000001E-009
  1.011522030000000E-005  0.359533882000000       1.250948820000000E-003
  4.679358830000000E-004  0.232049572000000       0.406687537000000     
  8.561642470000000E-009
  1.020368300000000E-005  0.359413656000000       1.258627100000000E-003
  4.708238170000000E-004  0.232038041000000       0.406808641000000     
  8.614481890000000E-009
  1.028513590000000E-005  0.359303705000000       1.265677340000000E-003
  4.735877280000000E-004  0.232027174000000       0.406919562000000     
  8.665052090000000E-009
  1.035997910000000E-005  0.359203288000000       1.272139260000000E-003
  4.762332980000000E-004  0.232016950000000       0.407021021000000     
  8.713457070000001E-009
  1.042860430000000E-005  0.359111701000000       1.278051040000000E-003
  4.787663110000000E-004  0.232007344000000       0.407113700000000     
  8.759802640000000E-009
  1.049139190000000E-005  0.359028278000000       1.283449120000000E-003
  4.811926210000000E-004  0.231998334000000       0.407198246000000     
  8.804195900000000E-009
  1.054870820000000E-005  0.358952393000000       1.288368090000000E-003
  4.835181250000000E-004  0.231989894000000       0.407275270000000     
  8.846744750000000E-009
  1.060090320000000E-005  0.358883457000000       1.292840570000000E-003
  4.857487410000000E-004  0.231981998000000       0.407345346000000     
  8.887557470000000E-009
  1.064830810000000E-005  0.358820918000000       1.296897110000000E-003
  4.878903860000000E-004  0.231974622000000       0.407409015000000     
  8.926742320000000E-009
  1.069123430000000E-005  0.358764261000000       1.300566040000000E-003
  4.899489600000000E-004  0.231967741000000       0.407466784000000     
  8.964407250000000E-009
  1.072997140000000E-005  0.358713002000000       1.303873450000000E-003
  4.919303290000000E-004  0.231961328000000       0.407519127000000     
  9.000659600000000E-009
  1.076478630000000E-005  0.358666694000000       1.306843050000000E-003
  4.938403140000000E-004  0.231955360000000       0.407566488000000     
  9.035605850000000E-009
  1.079592260000000E-005  0.358624921000000       1.309496070000000E-003
  4.956846770000000E-004  0.231949813000000       0.407609280000000     
  9.069351450000000E-009
  1.082359930000000E-005  0.358587298000000       1.311851150000000E-003
  4.974691150000000E-004  0.231944665000000       0.407647885000000     
  9.102000619999999E-009
  1.084801110000000E-005  0.358553468000000       1.313924220000000E-003
  4.991992520000001E-004  0.231939892000000       0.407682659000000     
  9.133656279999999E-009
