 T, h at the stagnation point                                                                                                                                                                                                                                                                               
   350.000000000000        800470.805000000     
   415.369839000000        905562.190000000     
   482.825732000000        1014850.76000000     
   552.004390000000        1128166.85000000     
   622.595796000000        1245350.43000000     
   694.360862000000        1366248.31000000     
   767.128982000000        1490713.70000000     
   840.784667000000        1618606.38000000     
   915.251978000000        1749793.19000000     
   990.480528000000        1884147.79000000     
   1066.43466000000        2021549.90000000     
   1143.08580000000        2161884.20000000     
   1220.40742000000        2305039.04000000     
   1298.37180000000        2450905.21000000     
   1376.94807000000        2599374.60000000     
   1456.10120000000        2750339.11000000     
   1535.79135000000        2903689.50000000     
   1615.97371000000        3059314.48000000     
   1696.59844000000        3217099.78000000     
   1777.61072000000        3376927.47000000     
   1858.95094000000        3538675.23000000     
   1940.55482000000        3702215.88000000     
   2022.35339000000        3867416.66000000     
   2104.27104000000        4034137.48000000     
   2186.22279000000        4202229.68000000     
   2268.11810000000        4371536.78000000     
   2349.86167000000        4541895.31000000     
   2431.35369000000        4713134.69000000     
   2512.49013000000        4885077.41000000     
   2593.16315000000        5057539.31000000     
   2673.26150000000        5230329.91000000     
   2752.67113000000        5403252.98000000     
   2831.27582000000        5576107.11000000     
   2908.95783000000        5748686.50000000     
   2985.59879000000        5920781.77000000     
   3061.08051000000        6092180.91000000     
   3135.28596000000        6262670.32000000     
   3208.10026000000        6432035.94000000     
   3279.41174000000        6600064.38000000     
   3349.11296000000        6766544.15000000     
   3417.10180000000        6931266.89000000     
   3483.28246000000        7094028.64000000     
   3547.56649000000        7254630.97000000     
   3609.87366000000        7412882.27000000     
   3670.13281000000        7568598.79000000     
   3728.28253000000        7721605.70000000     
   3784.27175000000        7871738.09000000     
   3838.06016000000        8018841.74000000     
   3889.61847000000        8162773.91000000     
   3938.92853000000        8303403.94000000     
   3985.98330000000        8440613.71000000     
   4030.78656000000        8574297.98000000     
   4073.35265000000        8704364.64000000     
   4113.70586000000        8830734.83000000     
   4151.87989000000        8953342.85000000     
   4187.91707000000        9072136.12000000     
   4221.86757000000        9187074.91000000     
   4253.78852000000        9298132.05000000     
   4283.74305000000        9405292.56000000     
   4311.79944000000        9508553.18000000     
   4338.03007000000        9607921.89000000     
   4362.51061000000        9703417.34000000     
   4385.31905000000        9795068.28000000     
   4406.53490000000        9882912.97000000     
   4426.23841000000        9966998.51000000     
   4444.50984000000        10047380.2000000     
   4461.42885000000        10124121.1000000     
   4477.07390000000        10197290.8000000     
   4491.52179000000        10266965.4000000     
   4504.84727000000        10333226.7000000     
   4517.12262000000        10396161.3000000     
   4528.41750000000        10455860.2000000     
   4538.79863000000        10512418.1000000     
   4548.32973000000        10565932.9000000     
   4557.07139000000        10616505.0000000     
   4565.08104000000        10664236.8000000     
   4572.41290000000        10709232.2000000     
   4579.11808000000        10751596.0000000     
   4585.24457000000        10791433.5000000     
   4590.83735000000        10828850.1000000     
   4595.93849000000        10863950.7000000     
   4600.58724000000        10896839.5000000     
   4604.82016000000        10927619.3000000     
   4608.67126000000        10956391.6000000     
   4612.17209000000        10983256.2000000     
   4615.35194000000        11008310.7000000     
   4618.23789000000        11031650.3000000     
   4620.85500000000        11053367.9000000     
   4623.22643000000        11073553.5000000     
   4625.37352000000        11092294.4000000     
   4627.31597000000        11109675.0000000     
   4629.07190000000        11125776.4000000     
   4630.65798000000        11140676.7000000     
   4632.08954000000        11154450.9000000     
   4633.38064000000        11167170.7000000     
   4634.54421000000        11178904.5000000     
   4635.59207000000        11189717.6000000     
   4636.53505000000        11199672.1000000     
   4637.38308000000        11208826.9000000     
   4638.14520000000        11217237.8000000     
 Species at the stagnation point                                                                                                                                                                                                                                                                            
  0.264525476000000       0.678788219000000       3.464942360000000E-002
  2.161830820000000E-005  2.195495800000000E-002  6.030413550000000E-005
  3.955418520000000E-010
  0.260982701000000       0.679854997000000       3.468220970000000E-002
  2.167924610000000E-005  2.438876810000000E-002  6.964409520000000E-005
  3.966568090000000E-010
  0.257291320000000       0.680989080000000       3.471386740000000E-002
  2.176943210000000E-005  2.690214520000000E-002  8.181724810000000E-005
  3.983069070000000E-010
  0.253457492000000       0.682188359000000       3.474420010000000E-002
  2.188568540000000E-005  2.949110550000000E-002  9.695757410000000E-005
  4.004339500000000E-010
  0.249487055000000       0.683450531000000       3.477296050000000E-002
  2.202563570000000E-005  3.215217120000000E-002  1.152559750000000E-004
  4.029945670000000E-010
  0.245385523000000       0.684773214000000       3.479986660000000E-002
  2.218744710000000E-005  3.488226020000000E-002  1.369483150000000E-004
  4.059551680000000E-010
  0.241158076000000       0.686154006000000       3.482461310000000E-002
  2.236968530000000E-005  3.767862550000000E-002  1.623087690000000E-004
  4.092895080000000E-010
  0.236809573000000       0.687590529000000       3.484687910000000E-002
  2.257121110000000E-005  4.053880260000000E-002  1.916455630000000E-004
  4.129767480000000E-010
  0.232344591000000       0.689080425000000       3.486633450000000E-002
  2.279111130000000E-005  4.346055970000000E-002  2.252981890000000E-004
  4.170001770000000E-010
  0.227767484000000       0.690621355000000       3.488264510000000E-002
  2.302864710000000E-005  4.644185070000000E-002  2.636354310000000E-004
  4.213462790000000E-010
  0.223082436000000       0.692210978000000       3.489547690000000E-002
  2.328321720000000E-005  4.948077100000000E-002  3.070538590000000E-004
  4.260040500000000E-010
  0.218293529000000       0.693846921000000       3.490450150000000E-002
  2.355432940000000E-005  5.257551710000000E-002  3.559765560000000E-004
  4.309644850000000E-010
  0.213404797000000       0.695526757000000       3.490940100000000E-002
  2.384157930000000E-005  5.572435060000000E-002  4.108519480000000E-004
  4.362201860000000E-010
  0.208420286000000       0.697247977000000       3.490987280000000E-002
  2.414463330000000E-005  5.892556590000000E-002  4.721526300000000E-004
  4.417650470000000E-010
  0.203344099000000       0.699007964000000       3.490563610000000E-002
  2.446321510000000E-005  6.217746260000000E-002  5.403741160000000E-004
  4.475940170000000E-010
  0.198180442000000       0.700803969000000       3.489643760000000E-002
  2.479709520000000E-005  6.547832040000000E-002  6.160334670000000E-004
  4.537028930000000E-010
  0.192933662000000       0.702633088000000       3.488205860000000E-002
  2.514608130000000E-005  6.882637690000000E-002  6.996677440000000E-004
  4.600881560000000E-010
  0.187608280000000       0.704492246000000       3.486232230000000E-002
  2.551001080000000E-005  7.221980920000000E-002  7.918322530000000E-004
  4.667468350000000E-010
  0.182209020000000       0.706378175000000       3.483710110000000E-002
  2.588874480000000E-005  7.565671590000000E-002  8.930985540000000E-004
  4.736763830000000E-010
  0.176740836000000       0.708287401000000       3.480632530000000E-002
  2.628216160000000E-005  7.913510270000000E-002  1.004052220000000E-003
  4.808745790000000E-010
  0.171208926000000       0.710216232000000       3.476999350000000E-002
  2.669015230000000E-005  8.265286819999999E-002  1.125290390000000E-003
  4.883394280000000E-010
  0.165618742000000       0.712160746000000       3.472818730000000E-002
  2.711261540000000E-005  8.620779000000001E-002  1.257420830000000E-003
  4.960690729999999E-010
  0.159976091000000       0.714116782000000       3.468100290000000E-002
  2.754945690000000E-005  8.979750409999999E-002  1.401070070000000E-003
  5.040617930000000E-010
  0.154287845000000       0.716079876000000       3.462789800000000E-002
  2.800062560000000E-005  9.341931710000000E-002  1.557062640000000E-003
  5.123166530000000E-010
  0.148562885000000       0.718045233000000       3.456682820000000E-002
  2.846614450000000E-005  9.706984570000000E-002  1.726741730000000E-003
  5.208340730000000E-010
  0.142810962000000       0.720007755000000       3.449533180000000E-002
  2.894605630000000E-005  0.100745438000000       1.911565620000000E-003
  5.296148340000000E-010
  0.137042470000000       0.721962078000000       3.441075360000000E-002
  2.944040410000000E-005  0.104442170000000       2.113087620000000E-003
  5.386597260000000E-010
  0.131268425000000       0.723902564000000       3.431026620000000E-002
  2.994923030000000E-005  0.108155848000000       2.332946840000000E-003
  5.479695210000000E-010
  0.125500439000000       0.725823323000000       3.419089660000000E-002
  3.047257240000000E-005  0.111882008000000       2.572860510000000E-003
  5.575449100000000E-010
  0.119750670000000       0.727718219000000       3.404956290000000E-002
  3.101045990000000E-005  0.115615923000000       2.834613970000000E-003
  5.673864310000000E-010
  0.114031759000000       0.729580900000000       3.388311690000000E-002
  3.156290990000000E-005  0.119352613000000       3.120047840000000E-003
  5.774943950000000E-010
  0.108356759000000       0.731404824000000       3.368839340000000E-002
  3.212992230000000E-005  0.123086851000000       3.431042100000000E-003
  5.878688030000000E-010
  0.102739036000000       0.733183297000000       3.346226520000000E-002
  3.271147500000000E-005  0.126813192000000       3.769497110000000E-003
  5.985092490000000E-010
  9.719217020000000E-002  0.734909516000000       3.320170380000000E-002
  3.330751840000000E-005  0.130525991000000       4.137311290000000E-003
  6.094148250000000E-010
  9.172983090000000E-002  0.736576617000000       3.290384410000000E-002
  3.391796960000000E-005  0.134219433000000       4.536355710000000E-003
  6.205840150000000E-010
  8.636564560000000E-002  0.738177739000000       3.256605280000000E-002
  3.454270620000000E-005  0.137887574000000       4.968445600000000E-003
  6.320145790000000E-010
  8.111305620000001E-002  0.739706079000000       3.218599890000000E-002
  3.518156010000000E-005  0.141524375000000       5.435309310000000E-003
  6.437034440000000E-010
  7.598516640000000E-002  0.741154969000000       3.176172320000000E-002
  3.583431110000000E-005  0.145123751000000       5.938555000000000E-003
  6.556465770000000E-010
  7.099458490000000E-002  0.742517948000000       3.129170690000000E-002
  3.650068020000000E-005  0.148679624000000       6.479635780000000E-003
  6.678388760000000E-010
  6.615326500000000E-002  0.743788837000000       3.077493430000000E-002
  3.718032370000000E-005  0.152185968000000       7.059814150000000E-003
  6.802740500000000E-010
  6.147234800000000E-002  0.744961827000000       3.021094940000000E-002
  3.787282700000000E-005  0.155636876000000       7.680126540000000E-003
  6.929445160000000E-010
  5.696201110000000E-002  0.746031551000000       2.959990270000000E-002
  3.857769960000000E-005  0.159026608000000       8.341348940000000E-003
  7.058412980000000E-010
  5.263132760000000E-002  0.746993172000000       2.894258560000000E-002
  3.929437080000000E-005  0.162349655000000       9.043964870000001E-003
  7.189539550000000E-010
  4.848814020000000E-002  0.747842458000000       2.824045140000000E-002
  4.002218630000000E-005  0.165600791000000       9.788136640000000E-003
  7.322705150000000E-010
  4.453895480000000E-002  0.748575851000000       2.749562040000000E-002
  4.076040650000000E-005  0.168775132000000       1.057368090000000E-002
  7.457774450000000E-010
  4.078885590000000E-002  0.749190536000000       2.671086760000000E-002
  4.150820570000000E-005  0.171868181000000       1.140005000000000E-002
  7.594596390000000E-010
  3.724144760000000E-002  0.749684498000000       2.588959370000000E-002
  4.226467430000000E-005  0.174875877000000       1.226631880000000E-002
  7.733004530000000E-010
  3.389882230000000E-002  0.750056562000000       2.503577790000000E-002
  4.302882140000000E-005  0.177794628000000       1.317117950000000E-002
  7.872817580000000E-010
  3.076155810000000E-002  0.750306435000000       2.415391470000000E-002
  4.379958050000000E-005  0.180621348000000       1.411294310000000E-002
  8.013840400000000E-010
  2.782874550000000E-002  0.750434718000000       2.324893630000000E-002
  4.457581660000000E-005  0.183353475000000       1.508954910000000E-002
  8.155865330000000E-010
  2.509804120000000E-002  0.750442913000000       2.232612190000000E-002
  4.535633520000000E-005  0.185988984000000       1.609858190000000E-002
  8.298673819999999E-010
  2.256574950000000E-002  0.750333418000000       2.139099760000000E-002
  4.613989340000000E-005  0.188526398000000       1.713729590000000E-002
  8.442038430000000E-010
  2.022692580000000E-002  0.750109497000000       2.044923030000000E-002
  4.692521130000000E-005  0.190964775000000       1.820264610000000E-002
  8.585725030000000E-010
  1.807550050000000E-002  0.749775241000000       1.950651930000000E-002
  4.771098640000000E-005  0.193303703000000       1.929132520000000E-002
  8.729495260000000E-010
  1.610441870000000E-002  0.749335516000000       1.856848800000000E-002
  4.849590650000000E-005  0.195543275000000       2.039980550000000E-002
  8.873109060000000E-010
  1.430579070000000E-002  0.748795899000000       1.764058120000000E-002
  4.927866440000000E-005  0.197684064000000       2.152438520000000E-002
  9.016327260000000E-010
  1.267104930000000E-002  0.748162598000000       1.672797000000000E-002
  5.005797230000000E-005  0.199727088000000       2.266123600000000E-002
  9.158914220000000E-010
  1.119110840000000E-002  0.747442363000000       1.583546710000000E-002
  5.083257470000000E-005  0.201673774000000       2.380645330000000E-002
  9.300640250000000E-010
  9.856520040000000E-003  0.746642402000000       1.496745530000000E-002
  5.160126180000000E-005  0.203525914000000       2.495610580000000E-002
  9.441283960000001E-010
  8.657624230000001E-003  0.745770275000000       1.412783070000000E-002
  5.236288010000000E-005  0.205285623000000       2.610628390000000E-002
  9.580634310000000E-010
  7.584689670000000E-003  0.744833795000000       1.331996110000000E-002
  5.311634250000000E-005  0.206955291000000       2.725314610000000E-002
  9.718492430000001E-010
  6.628041820000000E-003  0.743840932000000       1.254665980000000E-002
  5.386063660000000E-005  0.208537543000000       2.839296210000000E-002
  9.854673059999999E-010
  5.778176740000000E-003  0.742799711000000       1.181017530000000E-002
  5.459483060000000E-005  0.210035190000000       2.952215160000000E-002
  9.989005700000000E-010
  5.025859300000000E-003  0.741718118000000       1.111219450000000E-002
  5.531807760000000E-005  0.211451190000000       3.063731910000000E-002
  1.012133540000000E-009
  4.362205210000000E-003  0.740604014000000       1.045385960000000E-002
  5.602961860000000E-005  0.212788607000000       3.173528290000000E-002
  1.025152330000000E-009
  3.778746740000000E-003  0.739465052000000       9.835795470000000E-003
  5.672878280000000E-005  0.214050576000000       3.281309950000000E-002
  1.037944670000000E-009
  3.267482750000000E-003  0.738308605000000       9.258146280000001E-003
  5.741498710000000E-005  0.215240268000000       3.386808210000000E-002
  1.050499890000000E-009
  2.820913950000000E-003  0.737141703000000       8.720619460000001E-003
  5.808773410000000E-005  0.216360861000000       3.489781430000000E-002
  1.062808880000000E-009
  2.432064570000000E-003  0.735970980000000       8.222534350000000E-003
  5.874660880000000E-005  0.217415516000000       3.590015800000000E-002
  1.074864050000000E-009
  2.094492000000000E-003  0.734802631000000       7.762873920000000E-003
  5.939127430000000E-005  0.218407353000000       3.687325750000000E-002
  1.086659250000000E-009
  1.802285930000000E-003  0.733642379000000       7.340337710000000E-003
  6.002146760000000E-005  0.219339437000000       3.781553840000000E-002
  1.098189650000000E-009
  1.550058720000000E-003  0.732495450000000       6.953394180000000E-003
  6.063699370000000E-005  0.220214756000000       3.872570310000000E-002
  1.109451700000000E-009
  1.332928590000000E-003  0.731366561000000       6.600331360000000E-003
  6.123772060000000E-005  0.221036217000000       3.960272280000000E-002
  1.120442970000000E-009
  1.146497190000000E-003  0.730259916000000       6.279304510000000E-003
  6.182357360000000E-005  0.221806632000000       4.044582640000000E-002
  1.131162090000000E-009
  9.868229940000000E-004  0.729179202000000       5.988380010000000E-003
  6.239452980000000E-005  0.222528712000000       4.125448700000000E-002
  1.141608660000000E-009
  8.503918420000000E-004  0.728127606000000       5.725574990000000E-003
  6.295061270000000E-005  0.223205067000000       4.202840760000000E-002
  1.151783090000000E-009
  7.340856940000000E-004  0.727107827000000       5.488892180000000E-003
  6.349188750000000E-005  0.223838199000000       4.276750360000000E-002
  1.161686590000000E-009
  6.351506590000000E-004  0.726122092000000       5.276349960000000E-003
  6.401845590000000E-005  0.224430502000000       4.347188580000000E-002
  1.171321010000000E-009
  5.511650240000000E-004  0.725172188000000       5.086007670000000E-003
  6.453045220000000E-005  0.224984266000000       4.414184240000000E-002
  1.180688810000000E-009
  4.800079600000000E-004  0.724259483000000       4.915986200000000E-003
  6.502803870000001E-005  0.225501673000000       4.477782070000000E-002
  1.189792960000000E-009
  4.198294040000000E-004  0.723384961000000       4.764484240000000E-003
  6.551140300000001E-005  0.225984804000000       4.538040910000000E-002
  1.198636890000000E-009
  3.690214730000000E-004  0.722549247000000       4.629790610000000E-003
  6.598075390000001E-005  0.226435640000000       4.595031900000000E-002
  1.207224420000000E-009
  3.261916810000000E-004  0.721752645000000       4.510292890000000E-003
  6.643631910000000E-005  0.226856064000000       4.648836840000000E-002
  1.215559720000000E-009
  2.901381050000000E-004  0.720995167000000       4.404482930000000E-003
  6.687834240000000E-005  0.227247868000000       4.699546480000000E-002
  1.223647250000000E-009
  2.598265790000000E-004  0.720276564000000       4.310959660000000E-003
  6.730708120000000E-005  0.227612752000000       4.747259000000000E-002
  1.231491720000000E-009
  2.343699420000000E-004  0.719596361000000       4.228429540000000E-003
  6.772280500000000E-005  0.227952330000000       4.792078560000000E-002
  1.239098060000000E-009
  2.130092860000000E-004  0.718953882000000       4.155705160000000E-003
  6.812579340000000E-005  0.228268137000000       4.834113950000000E-002
  1.246471380000000E-009
  1.950971450000000E-004  0.718348284000000       4.091702340000000E-003
  6.851633420000000E-005  0.228561625000000       4.873477370000000E-002
  1.253616950000000E-009
  1.800825070000000E-004  0.717778578000000       4.035435990000000E-003
  6.889472230000000E-005  0.228834175000000       4.910283280000000E-002
  1.260540180000000E-009
  1.674975420000000E-004  0.717243659000000       3.986015220000000E-003
  6.926125850000000E-005  0.229087092000000       4.944647370000000E-002
  1.267246550000000E-009
  1.569459080000000E-004  0.716742325000000       3.942637730000000E-003
  6.961624810000000E-005  0.229321617000000       4.976685710000000E-002
  1.273741660000000E-009
  1.480925010000000E-004  0.716273302000000       3.904583880000000E-003
  6.995999990000000E-005  0.229538922000000       5.006513880000000E-002
  1.280031150000000E-009
  1.406545090000000E-004  0.715835260000000       3.871210630000000E-003
  7.029282530000000E-005  0.229740118000000       5.034246280000000E-002
  1.286120730000000E-009
  1.343936410000000E-004  0.715426832000000       3.841945340000000E-003
  7.061503739999999E-005  0.229926257000000       5.059995550000000E-002
  1.292016120000000E-009
  1.291094090000000E-004  0.715046630000000       3.816279750000000E-003
  7.092695010000000E-005  0.230098332000000       5.083871990000000E-002
  1.297723070000000E-009
  1.246333240000000E-004  0.714693256000000       3.793764120000000E-003
  7.122887749999999E-005  0.230257284000000       5.105983180000000E-002
  1.303247310000000E-009
  1.208239210000000E-004  0.714365316000000       3.774001630000000E-003
  7.152113300000001E-005  0.230404000000000       5.126433560000000E-002
  1.308594600000000E-009
  1.175625060000000E-004  0.714061430000000       3.756643120000000E-003
  7.180402880000000E-005  0.230539318000000       5.145324160000000E-002
  1.313770640000000E-009
  1.147496530000000E-004  0.713780238000000       3.741382340000000E-003
  7.207787490000000E-005  0.230664027000000       5.162752340000000E-002
  1.318781090000000E-009
  1.123019870000000E-004  0.713520413000000       3.727951220000000E-003
  7.234297900000000E-005  0.230778873000000       5.178811660000000E-002
  1.323631600000000E-009
